1777129273529 5.01874 0
1777129326152 3.87665 1
1777129378420 3.17999 2
1777129427860 2.75968 3
1777129484825 2.42631 4
1777129539976 2.14742 5
1777129594095 1.96869 6
1777129648069 1.81304 7
1777129702877 1.67715 8
1777129756724 1.56185 9
1777129810808 1.47212 10
1777129865073 1.39498 11
1777129918434 1.33385 12
1777129972728 1.25517 13
1777130027107 1.20205 14
1777130081204 1.15228 15
1777130134993 1.10267 16
1777130189778 1.07658 17
1777130242734 1.01741 18
1777130295840 0.9895 19
1777130349909 0.95474 20
1777130402536 0.9332 21
1777130456496 0.9028 22
1777130508155 0.89099 23
1777130561103 0.86043 24
1777130614129 0.84953 25
1777130668459 0.81791 26
1777130720514 0.79804 27
1777130774496 0.79716 28
1777130830795 0.78094 29
1777130885278 0.77091 30
1777130939447 0.74286 31
1777130992111 0.72988 32
1777131046698 0.71054 33
1777131102032 0.72145 34
1777131154827 0.70272 35
1777131208372 0.68863 36
1777131263877 0.67811 37
1777131318008 0.67562 38
1777131372287 0.66435 39
1777131425351 0.65882 40
1777131479416 0.64397 41
1777131533148 0.64036 42
1777131587299 0.63972 43
1777131642530 0.63113 44
1777131696329 0.61446 45
1777131749406 0.60683 46
1777131803417 0.60023 47
1777131858974 0.59757 48
1777131914279 0.58239 49
1777131975147 0.50466 50
1777132027782 0.48577 51
1777132085552 0.48035 52
1777132143493 0.47633 53
1777132200817 0.46267 54
1777132258636 0.45469 55
1777132316221 0.45306 56
1777132373250 0.45409 57
1777132430663 0.44071 58
1777132488858 0.43277 59
1777132548292 0.42676 60
1777132603199 0.42692 61
1777132656464 0.42577 62
1777132711620 0.41908 63
1777132766512 0.41628 64
1777132820992 0.41734 65
1777132876382 0.4061 66
1777132932417 0.40783 67
1777132987702 0.40218 68
1777133042800 0.39939 69
1777133098929 0.39942 70
1777133153442 0.39203 71
1777133209079 0.38993 72
1777133263605 0.38234 73
1777133318984 0.38428 74
1777133374291 0.38143 75
1777133428691 0.37458 76
1777133484304 0.37601 77
1777133538805 0.37312 78
1777133593339 0.37212 79
1777133648782 0.36917 80
1777133703666 0.36498 81
1777133757802 0.3646 82
1777133813987 0.36129 83
1777133867974 0.35761 84
1777133922576 0.35743 85
1777133978550 0.35623 86
1777134034331 0.35783 87
1777134089650 0.35293 88
1777134144727 0.35016 89
1777134200242 0.35 90
1777134256206 0.34528 91
1777134311171 0.34633 92
1777134365904 0.34445 93
1777134421384 0.34198 94
1777134475954 0.34428 95
1777134532499 0.3423 96
1777134587024 0.33931 97
1777134643054 0.33981 98
1777134697586 0.33453 99
