1777112342894 5.596026490066225e-05 0
1777112374806 0.00011118189161147902 1
1777112405626 0.0001652881183222958 2
1777112435061 0.00016398069999999998 3
1777112465095 0.00016230759999999998 4
1777112494330 0.0001606345 5
1777112524311 0.0001589614 6
1777112555773 0.0001572883 7
1777112594641 0.0001556152 8
1777112628777 0.0001539421 9
1777112664950 0.000152269 10
1777112699237 0.00015059589999999999 11
1777112741730 0.00014892279999999998 12
1777112788478 0.00014724969999999998 13
1777112835959 0.00014557659999999998 14
1777112867600 0.0001439035 15
1777112899511 0.0001422304 16
1777112932202 0.0001405573 17
1777112968143 0.0001388842 18
1777113003657 0.0001372111 19
1777113037181 0.000135538 20
1777113071621 0.00013386489999999999 21
1777113106833 0.00013219179999999998 22
1777113140814 0.00013051869999999998 23
1777113175655 0.00012884559999999998 24
1777113209354 0.00012717249999999998 25
1777113242442 0.0001254994 26
1777113279153 0.0001238263 27
1777113313372 0.0001221532 28
1777113346720 0.00012048009999999999 29
1777113378565 0.00011880699999999999 30
1777113410358 0.00011713389999999999 31
