1777112342894 5.596026490066225e-05 0
1777112374806 0.00011118189161147902 1
1777112405626 0.0001652881183222958 2
1777112435061 0.00016398069999999998 3
1777112465095 0.00016230759999999998 4
1777112494330 0.0001606345 5
1777112524311 0.0001589614 6
1777112555773 0.0001572883 7
1777112594641 0.0001556152 8
1777112628777 0.0001539421 9
1777112664950 0.000152269 10
1777112699237 0.00015059589999999999 11
1777112741730 0.00014892279999999998 12
1777112788478 0.00014724969999999998 13
1777112835959 0.00014557659999999998 14
1777112867600 0.0001439035 15
1777112899511 0.0001422304 16
1777112932202 0.0001405573 17
1777112968143 0.0001388842 18
1777113003657 0.0001372111 19
1777113037181 0.000135538 20
1777113071621 0.00013386489999999999 21
1777113106833 0.00013219179999999998 22
1777113140814 0.00013051869999999998 23
1777113175655 0.00012884559999999998 24
1777113209354 0.00012717249999999998 25
1777113242442 0.0001254994 26
1777113279153 0.0001238263 27
1777113313372 0.0001221532 28
1777113346720 0.00012048009999999999 29
1777113378565 0.00011880699999999999 30
1777113410358 0.00011713389999999999 31
1777113443456 0.00011546079999999998 32
1777113478952 0.00011378769999999998 33
1777113513689 0.00011211459999999997 34
1777113550480 0.00011044149999999999 35
1777113582186 0.0001087684 36
1777113619499 0.0001070953 37
1777113654592 0.0001054222 38
1777113690071 0.00010374909999999999 39
1777113724431 0.00010207599999999999 40
1777113756340 0.0001004029 41
1777113789788 9.87298e-05 42
1777113822790 9.70567e-05 43
1777113857404 9.538359999999999e-05 44
1777113892362 9.371049999999999e-05 45
1777113927904 9.203740000000001e-05 46
1777113961959 9.03643e-05 47
1777113993370 8.86912e-05 48
1777114027969 8.701809999999999e-05 49
1777114061646 8.534499999999999e-05 50
1777114094983 8.367189999999999e-05 51
1777114129074 8.199879999999998e-05 52
1777114165279 8.03257e-05 53
1777114197254 7.865259999999999e-05 54
1777114229148 7.697949999999999e-05 55
1777114260736 7.530639999999999e-05 56
1777114292561 7.36333e-05 57
1777114323579 7.196020000000001e-05 58
1777114356096 7.02871e-05 59
1777114387467 6.8614e-05 60
1777114421836 6.69409e-05 61
1777114453573 6.52678e-05 62
1777114490569 6.35947e-05 63
1777114526258 6.19216e-05 64
1777114561522 6.024849999999999e-05 65
1777114593518 5.857539999999999e-05 66
1777114626793 5.6902299999999985e-05 67
1777114660193 5.522919999999999e-05 68
1777114694528 5.355610000000001e-05 69
1777114731443 5.1883000000000005e-05 70
