1777115612589 0.95176 0
1777115659784 0.9617 1
1777115693963 0.96307 2
1777115727478 0.95774 3
1777115760624 0.95912 4
1777115792068 0.95708 5
1777115821983 0.94716 6
1777115854266 0.94387 7
1777115888048 0.93391 8
1777115920041 0.93425 9
1777115951479 0.93957 10
1777115985887 0.92681 11
1777116019294 0.92856 12
1777116056935 0.93004 13
1777116089350 0.93569 14
1777116121158 0.92935 15
1777116152467 0.92214 16
1777116184185 0.92418 17
1777116217030 0.92035 18
1777116250410 0.91442 19
1777116280980 0.91187 20
1777116312383 0.92553 21
1777116344558 0.91261 22
1777116376376 0.91742 23
1777116408543 0.91584 24
1777116445058 0.91386 25
1777116479807 0.91662 26
1777116512295 0.91843 27
1777116545912 0.90989 28
1777116579448 0.91989 29
1777116610034 0.90466 30
1777116639123 0.91031 31
1777116667489 0.91012 32
1777116694122 0.90969 33
1777116721945 0.91055 34
1777116751260 0.90739 35
1777116781284 0.90538 36
1777116812881 0.90093 37
1777116844120 0.90038 38
1777116876157 0.90165 39
1777116912203 0.90245 40
1777116947130 0.90272 41
1777116981100 0.90194 42
1777117011256 0.89748 43
1777117037050 0.89887 44
1777117063204 0.89811 45
1777117089344 0.89901 46
1777117118425 0.89425 47
1777117149869 0.88483 48
1777117179075 0.89797 49
1777117210885 0.89091 50
1777117240617 0.89922 51
1777117272043 0.88599 52
1777117303273 0.89985 53
1777117335648 0.89519 54
1777117366467 0.89559 55
1777117399351 0.88711 56
1777117430369 0.89048 57
1777117463983 0.89428 58
1777117499362 0.89387 59
1777117530927 0.88908 60
1777117564985 0.88949 61
1777117604226 0.88192 62
1777117636941 0.88318 63
1777117674590 0.88668 64
1777117717385 0.89015 65
1777117751500 0.89197 66
1777117783259 0.88855 67
1777117820063 0.89025 68
1777117853068 0.88741 69
1777117886365 0.88349 70
