1777120063807 0.06589 0
1777120134603 0.18094 1
1777120232021 0.26304 2
1777120336216 0.36259 3
1777120407885 0.43124 4
1777120476706 0.50996 5
1777120548600 0.56415 6
1777120615037 0.61355 7
1777120665307 0.63967 8
1777120715526 0.66333 9
1777120772060 0.6789 10
1777120829424 0.71676 11
1777120887685 0.71171 12
1777120948661 0.7368 13
1777121006885 0.7248 14
1777121065764 0.74312 15
1777121122277 0.75972 16
1777121179391 0.77177 17
1777121237051 0.79107 18
1777121294942 0.77865 19
1777121352172 0.79523 20
1777121410154 0.77856 21
1777121475453 0.79057 22
1777121533415 0.80533 23
1777121591223 0.80862 24
1777121650021 0.82163 25
1777121707680 0.79199 26
1777121766854 0.80009 27
1777121825152 0.80916 28
1777121883670 0.81257 29
1777121941944 0.82361 30
1777121999881 0.82057 31
1777122057575 0.81323 32
1777122117039 0.82904 33
1777122174935 0.82959 34
1777122232147 0.82491 35
1777122290848 0.81857 36
1777122349774 0.81581 37
1777122407507 0.82579 38
1777122466305 0.82283 39
1777122524727 0.80804 40
1777122581748 0.82578 41
1777122640865 0.82589 42
1777122699686 0.83251 43
1777122758977 0.82988 44
1777122817013 0.83676 45
1777122875529 0.83394 46
1777122934934 0.83191 47
1777122994124 0.83922 48
1777123052024 0.82823 49
