1777120063807 0.05638 0
1777120134603 0.15205 1
1777120232021 0.22653 2
1777120336216 0.31271 3
1777120407885 0.3643 4
1777120476706 0.43868 5
1777120548600 0.47566 6
1777120615037 0.52896 7
1777120665307 0.55122 8
1777120715526 0.57377 9
1777120772060 0.58511 10
1777120829424 0.61141 11
1777120887685 0.61867 12
1777120948661 0.62897 13
1777121006885 0.62738 14
1777121065764 0.64232 15
1777121122277 0.65643 16
1777121179391 0.67312 17
1777121237051 0.68368 18
1777121294942 0.67473 19
1777121352172 0.68525 20
1777121410154 0.67796 21
1777121475453 0.68969 22
1777121533415 0.69399 23
1777121591223 0.69766 24
1777121650021 0.71448 25
1777121707680 0.68721 26
1777121766854 0.69401 27
1777121825152 0.7047 28
1777121883670 0.70643 29
1777121941944 0.7168 30
1777121999881 0.70809 31
1777122057575 0.70077 32
1777122117039 0.72252 33
1777122174935 0.71709 34
1777122232147 0.72136 35
1777122290848 0.71117 36
1777122349774 0.70811 37
1777122407507 0.71676 38
1777122466305 0.71077 39
1777122524727 0.70442 40
1777122581748 0.71892 41
1777122640865 0.71967 42
1777122699686 0.72025 43
1777122758977 0.72249 44
1777122817013 0.72461 45
1777122875529 0.72563 46
1777122934934 0.7256 47
1777122994124 0.72781 48
1777123052024 0.71803 49
