1777120063807 0.22627 0
1777120134603 0.34372 1
1777120232021 0.22531 2
1777120336216 0.28121 3
1777120407885 0.37413 4
1777120476706 0.47694 5
1777120548600 0.52474 6
1777120615037 0.62038 7
1777120665307 0.62482 8
1777120715526 0.6574 9
1777120772060 0.6381 10
1777120829424 0.63898 11
1777120887685 0.67391 12
1777120948661 0.74768 13
1777121006885 0.69529 14
1777121065764 0.76448 15
1777121122277 0.78941 16
1777121179391 0.74224 17
1777121237051 0.75001 18
1777121294942 0.78059 19
1777121352172 0.81572 20
1777121410154 0.68951 21
1777121475453 0.74599 22
1777121533415 0.83154 23
1777121591223 0.80767 24
1777121650021 0.75617 25
1777121707680 0.84178 26
1777121766854 0.78994 27
1777121825152 0.79046 28
1777121883670 0.76678 29
1777121941944 0.86735 30
1777121999881 0.85801 31
1777122057575 0.81832 32
1777122117039 0.78708 33
1777122174935 0.79589 34
1777122232147 0.77808 35
1777122290848 0.82769 36
1777122349774 0.81506 37
1777122407507 0.78018 38
1777122466305 0.8567 39
1777122524727 0.82294 40
1777122581748 0.83298 41
1777122640865 0.83613 42
1777122699686 0.80834 43
1777122758977 0.84268 44
1777122817013 0.86039 45
1777122875529 0.88895 46
1777122934934 0.84264 47
1777122994124 0.82964 48
1777123052024 0.82505 49
