1777024228858 0.38246 0
1777024516089 0.51878 1
1777024803226 0.58465 2
1777025083597 0.5749 3
1777025373812 0.62493 4
1777025686093 0.67039 5
1777025982104 0.6728 6
1777026314420 0.69737 7
1777026621968 0.70958 8
1777026933870 0.70484 9
1777027234711 0.73073 10
1777027514074 0.74319 11
1777027798661 0.74114 12
1777028071257 0.72141 13
1777028342544 0.74237 14
1777028614852 0.73215 15
1777028924926 0.74659 16
1777029272576 0.75511 17
1777029604424 0.75988 18
1777029885642 0.76083 19
1777030163043 0.76697 20
1777030442936 0.76687 21
1777030724506 0.75302 22
1777031007512 0.76785 23
1777031287446 0.76603 24
1777031569532 0.7604 25
1777031847908 0.76916 26
1777032127089 0.7563 27
1777032408418 0.76342 28
1777032708305 0.77859 29
1777033004421 0.78253 30
1777033300352 0.77582 31
1777033596841 0.76142 32
1777033895356 0.73274 33
1777034197452 0.76426 34
1777034496135 0.75984 35
1777034794691 0.76705 36
1777035092151 0.76594 37
1777035392030 0.78068 38
1777035690645 0.76796 39
1777035988194 0.77356 40
1777036288982 0.78079 41
1777036588634 0.78805 42
1777036886467 0.78774 43
1777037184246 0.78161 44
1777037483692 0.78564 45
1777037784527 0.78138 46
1777038082820 0.7865 47
1777038381939 0.7842 48
1777038682969 0.77398 49
1777038998802 0.78267 50
1777039296201 0.76594 51
1777039592829 0.77442 52
1777039893915 0.78242 53
1777040191928 0.75869 54
1777040491020 0.76092 55
1777040800378 0.77363 56
1777041101398 0.76505 57
1777041130526 0.7863863013802556 57
