1777024228858 0.46636 0
1777024516089 0.62599 1
1777024803226 0.70879 2
1777025083597 0.69523 3
1777025373812 0.75223 4
1777025686093 0.80243 5
1777025982104 0.79729 6
1777026314420 0.82062 7
1777026621968 0.84479 8
1777026933870 0.8424 9
1777027234711 0.86067 10
1777027514074 0.87027 11
1777027798661 0.87118 12
1777028071257 0.85128 13
1777028342544 0.87112 14
1777028614852 0.8507 15
1777028924926 0.86898 16
1777029272576 0.88199 17
1777029604424 0.87899 18
1777029885642 0.88818 19
1777030163043 0.88846 20
1777030442936 0.88925 21
1777030724506 0.87616 22
1777031007512 0.88953 23
1777031287446 0.88908 24
1777031569532 0.88251 25
1777031847908 0.88606 26
1777032127089 0.88296 27
1777032408418 0.88312 28
1777032708305 0.89629 29
1777033004421 0.89976 30
1777033300352 0.89326 31
1777033596841 0.8733 32
1777033895356 0.84575 33
1777034197452 0.88336 34
1777034496135 0.87457 35
1777034794691 0.87969 36
1777035092151 0.88159 37
1777035392030 0.8967 38
1777035690645 0.88077 39
1777035988194 0.88843 40
1777036288982 0.89782 41
1777036588634 0.90204 42
1777036886467 0.90582 43
1777037184246 0.89661 44
1777037483692 0.90053 45
1777037784527 0.89949 46
1777038082820 0.89735 47
1777038381939 0.89934 48
1777038682969 0.88352 49
1777038998802 0.89211 50
1777039296201 0.86963 51
1777039592829 0.88051 52
1777039893915 0.89261 53
1777040191928 0.86879 54
1777040491020 0.8719 55
