1777024228858 0.41261 0
1777024516089 0.50243 1
1777024803226 0.7012 2
1777025083597 0.64002 3
1777025373812 0.69462 4
1777025686093 0.68952 5
1777025982104 0.78443 6
1777026314420 0.75773 7
1777026621968 0.81322 8
1777026933870 0.77973 9
1777027234711 0.8019 10
1777027514074 0.76171 11
1777027798661 0.79647 12
1777028071257 0.76965 13
1777028342544 0.83411 14
1777028614852 0.79035 15
1777028924926 0.84184 16
1777029272576 0.83039 17
1777029604424 0.82994 18
1777029885642 0.84543 19
1777030163043 0.80848 20
1777030442936 0.83021 21
1777030724506 0.82028 22
1777031007512 0.85565 23
1777031287446 0.84699 24
1777031569532 0.83156 25
1777031847908 0.82037 26
1777032127089 0.86131 27
1777032408418 0.84283 28
1777032708305 0.856 29
1777033004421 0.86182 30
1777033300352 0.83966 31
1777033596841 0.82484 32
1777033895356 0.80475 33
1777034197452 0.85257 34
1777034496135 0.83885 35
1777034794691 0.85489 36
1777035092151 0.85818 37
1777035392030 0.8561 38
1777035690645 0.82316 39
1777035988194 0.86561 40
1777036288982 0.85294 41
1777036588634 0.86719 42
1777036886467 0.88989 43
1777037184246 0.87314 44
1777037483692 0.8524 45
1777037784527 0.8443 46
1777038082820 0.86428 47
1777038381939 0.86464 48
1777038682969 0.83763 49
1777038998802 0.85128 50
1777039296201 0.85588 51
1777039592829 0.85555 52
1777039893915 0.86133 53
1777040191928 0.86017 54
1777040491020 0.84938 55
1777040800378 0.85639 56
1777041101398 0.85378 57
1777041130526 0.8637356057212956 57
