1777024228858 0.53624 0
1777024516089 0.68057 1
1777024803226 0.63018 2
1777025083597 0.71163 3
1777025373812 0.6938 4
1777025686093 0.76148 5
1777025982104 0.75647 6
1777026314420 0.78461 7
1777026621968 0.77665 8
1777026933870 0.81495 9
1777027234711 0.7939 10
1777027514074 0.84991 11
1777027798661 0.83032 12
1777028071257 0.84319 13
1777028342544 0.81673 14
1777028614852 0.80696 15
1777028924926 0.80578 16
1777029272576 0.83196 17
1777029604424 0.84109 18
1777029885642 0.824 19
1777030163043 0.85944 20
1777030442936 0.82298 21
1777030724506 0.85855 22
1777031007512 0.84581 23
1777031287446 0.83291 24
1777031569532 0.84832 25
1777031847908 0.85659 26
1777032127089 0.83041 27
1777032408418 0.83197 28
1777032708305 0.83963 29
1777033004421 0.83093 30
1777033300352 0.83482 31
1777033596841 0.83148 32
1777033895356 0.84202 33
1777034197452 0.83344 34
1777034496135 0.84877 35
1777034794691 0.83124 36
1777035092151 0.83113 37
1777035392030 0.83696 38
1777035690645 0.86578 39
1777035988194 0.84319 40
1777036288982 0.87337 41
1777036588634 0.8702 42
1777036886467 0.83449 43
1777037184246 0.85201 44
1777037483692 0.86598 45
1777037784527 0.87499 46
1777038082820 0.8649 47
1777038381939 0.84803 48
1777038682969 0.85436 49
1777038998802 0.86076 50
1777039296201 0.86096 51
1777039592829 0.8491 52
1777039893915 0.87408 53
1777040191928 0.8491 54
1777040491020 0.84188 55
1777040800378 0.84864 56
1777041101398 0.85075 57
1777041130526 0.8830399467516862 57
