1777024212115 5.630758683729433e-05 0
1777024499072 0.00011152577506093844 1
1777024787123 0.00016562856328458257 2
1777025067114 0.00016398069999999998 3
1777025356980 0.00016230759999999998 4
1777025670146 0.0001606345 5
1777025966127 0.0001589614 6
1777026297879 0.0001572883 7
1777026605216 0.0001556152 8
1777026917234 0.0001539421 9
1777027218217 0.000152269 10
1777027496103 0.00015059589999999999 11
1777027783316 0.00014892279999999998 12
1777028055996 0.00014724969999999998 13
1777028327123 0.00014557659999999998 14
1777028598580 0.0001439035 15
1777028908367 0.0001422304 16
1777029254089 0.0001405573 17
1777029588305 0.0001388842 18
1777029869477 0.0001372111 19
1777030147645 0.000135538 20
1777030427031 0.00013386489999999999 21
1777030708633 0.00013219179999999998 22
1777030990952 0.00013051869999999998 23
1777031271776 0.00012884559999999998 24
1777031553357 0.00012717249999999998 25
1777031831907 0.0001254994 26
1777032111784 0.0001238263 27
1777032392059 0.0001221532 28
1777032691714 0.00012048009999999999 29
1777032988046 0.00011880699999999999 30
1777033284293 0.00011713389999999999 31
1777033580164 0.00011546079999999998 32
1777033879048 0.00011378769999999998 33
1777034180939 0.00011211459999999997 34
1777034479708 0.00011044149999999999 35
1777034778454 0.0001087684 36
1777035075537 0.0001070953 37
1777035375424 0.0001054222 38
1777035674668 0.00010374909999999999 39
1777035971701 0.00010207599999999999 40
1777036272796 0.0001004029 41
1777036572354 9.87298e-05 42
1777036870553 9.70567e-05 43
1777037168362 9.538359999999999e-05 44
1777037467489 9.371049999999999e-05 45
1777037768015 9.203740000000001e-05 46
1777038066419 9.03643e-05 47
1777038365554 8.86912e-05 48
1777038666114 8.701809999999999e-05 49
1777038982550 8.534499999999999e-05 50
1777039279789 8.367189999999999e-05 51
1777039576650 8.199879999999998e-05 52
1777039877149 8.03257e-05 53
1777040174171 7.865259999999999e-05 54
1777040474388 7.697949999999999e-05 55
