1777103896307 0.00036923442136498514 0
1777103980263 0.0007322460339268051 1
1777104046571 0.001087925046488625 2
1777104106893 0.0010780033 3
1777104169094 0.0010670044 4
1777104240093 0.0010560055 5
1777104304798 0.0010450066 6
1777104364307 0.0010340077 7
1777104427686 0.0010230088 8
1777104490959 0.0010120099 9
1777104550206 0.001001011 10
1777104612784 0.0009900121 11
1777104678499 0.0009790132 12
1777104734408 0.0009680143 13
1777104793681 0.0009570153999999999 14
1777104853938 0.0009460165 15
1777104913555 0.0009350176 16
1777104969133 0.0009240187 17
1777105027716 0.0009130198000000001 18
1777105090382 0.0009020209000000001 19
1777105152027 0.0008910220000000001 20
1777105211285 0.0008800231 21
1777105276724 0.0008690242 22
1777105341283 0.0008580253 23
1777105400218 0.0008470264 24
1777105462369 0.0008360275 25
1777105526509 0.0008250286000000001 26
1777105587476 0.0008140297 27
1777105647200 0.0008030308 28
1777105707821 0.0007920319 29
1777105765994 0.000781033 30
1777105824801 0.0007700341 31
1777105881155 0.0007590351999999999 32
1777105938211 0.0007480362999999999 33
1777105997428 0.0007370373999999999 34
1777106058707 0.0007260385 35
1777106117327 0.0007150396000000001 36
1777106177007 0.0007040407000000001 37
1777106239210 0.0006930418 38
1777106295423 0.0006820429 39
1777106353582 0.000671044 40
1777106411200 0.0006600451000000001 41
1777106466802 0.0006490462000000001 42
1777106523284 0.0006380473000000001 43
1777106582887 0.0006270484 44
1777106638027 0.0006160495 45
1777106690283 0.0006050506000000001 46
1777106740967 0.0005940517000000001 47
1777106792763 0.0005830528000000001 48
1777106847385 0.0005720539000000001 49
1777106915141 0.000561055 50
1777106964350 0.0005500561 51
1777107018378 0.0005390572 52
1777107071674 0.0005280583 53
1777107127088 0.0005170594 54
1777107183194 0.0005060605 55
1777107238867 0.0004950616 56
1777107296982 0.0004840627 57
1777107359591 0.0004730638000000001 58
1777107423167 0.0004620649000000001 59
1777107488688 0.000451066 60
1777107559453 0.0004400671 61
1777107625962 0.00042906819999999997 62
1777107681075 0.0004180693 63
1777107732989 0.0004070704 64
1777107785142 0.00039607149999999996 65
1777107835117 0.00038507259999999996 66
1777107893983 0.00037407369999999996 67
1777107952716 0.00036307479999999996 68
1777108010391 0.00035207590000000007 69
1777108069752 0.00034107700000000007 70
1777108127930 0.0003300781 71
1777108187087 0.0003190792 72
1777108247182 0.00030808030000000007 73
1777108309901 0.0002970814 74
1777108369312 0.0002860825 75
1777108419777 0.0002750836 76
1777108471483 0.0002640847 77
1777108526035 0.00025308579999999995 78
1777108583364 0.00024208689999999998 79
1777108645609 0.00023108799999999995 80
1777108706126 0.00022008909999999993 81
1777108770505 0.00020909020000000006 82
1777108823705 0.00019809130000000006 83
1777108874235 0.00018709240000000006 84
1777108932492 0.00017609350000000003 85
1777108994836 0.0001650946 86
1777109057944 0.00015409570000000003 87
1777109120823 0.0001430968 88
1777109181863 0.00013209789999999997 89
1777109244696 0.00012109899999999997 90
1777109312053 0.00011010009999999996 91
1777109377865 9.910119999999996e-05 92
1777109439120 8.810229999999993e-05 93
1777109493142 7.710340000000005e-05 94
1777109548193 6.610450000000005e-05 95
1777109610151 5.5105600000000044e-05 96
1777109666697 4.410670000000003e-05 97
1777109721490 3.310780000000002e-05 98
1777109776362 2.2108900000000008e-05 99
