1777120056076 5.02146 0
1777120127928 3.8883 1
1777120221892 3.149 2
1777120328861 2.71917 3
1777120400142 2.37981 4
1777120469740 2.1586 5
1777120541664 1.93564 6
1777120609483 1.77972 7
1777120659327 1.64084 8
1777120709784 1.5303 9
1777120765855 1.44937 10
1777120823332 1.37761 11
1777120880745 1.2773 12
1777120941200 1.22715 13
1777120999865 1.17672 14
1777121058947 1.13277 15
1777121116210 1.06763 16
1777121173239 1.03569 17
1777121231154 0.99048 18
1777121288800 0.98276 19
1777121346172 0.95113 20
1777121404262 0.90044 21
1777121467469 0.87886 22
1777121527265 0.86561 23
1777121585374 0.84245 24
1777121643542 0.82985 25
1777121701656 0.81696 26
1777121760909 0.79744 27
1777121818974 0.77637 28
1777121877649 0.76522 29
1777121935022 0.74246 30
1777121993946 0.74106 31
1777122051811 0.71959 32
1777122110551 0.72211 33
1777122168549 0.69811 34
1777122226061 0.70912 35
1777122285038 0.691 36
1777122342690 0.67248 37
1777122401208 0.66991 38
1777122460359 0.65802 39
1777122518466 0.65387 40
1777122575688 0.64959 41
1777122634849 0.62568 42
1777122693705 0.63268 43
1777122752976 0.61769 44
1777122810515 0.6165 45
1777122869361 0.59673 46
1777122928431 0.59133 47
1777122987918 0.58964 48
1777123046012 0.58786 49
