1777120056076 1.03616 0
1777120127928 1.04997 1
1777120221892 1.03521 2
1777120328861 1.00968 3
1777120400142 0.99548 4
1777120469740 0.99479 5
1777120541664 0.98016 6
1777120609483 0.98063 7
1777120659327 0.96764 8
1777120709784 0.9632 9
1777120765855 0.96405 10
1777120823332 0.96013 11
1777120880745 0.95189 12
1777120941200 0.94843 13
1777120999865 0.94931 14
1777121058947 0.94444 15
1777121116210 0.93507 16
1777121173239 0.9418 17
1777121231154 0.93429 18
1777121288800 0.93797 19
1777121346172 0.93112 20
1777121404262 0.93018 21
1777121467469 0.92763 22
1777121527265 0.92794 23
1777121585374 0.92825 24
1777121643542 0.92561 25
1777121701656 0.92398 26
1777121760909 0.9186 27
1777121818974 0.91797 28
1777121877649 0.92011 29
1777121935022 0.91963 30
1777121993946 0.91583 31
1777122051811 0.91219 32
1777122110551 0.91142 33
1777122168549 0.91251 34
1777122226061 0.91349 35
1777122285038 0.91046 36
1777122342690 0.90797 37
1777122401208 0.90981 38
1777122460359 0.90396 39
1777122518466 0.90769 40
1777122575688 0.9093 41
1777122634849 0.90196 42
1777122693705 0.9041 43
1777122752976 0.89856 44
1777122810515 0.9006 45
1777122869361 0.90089 46
1777122928431 0.89025 47
1777122987918 0.89526 48
1777123046012 0.89759 49
