1777103903941 0.64339 0
1777103986902 0.61061 1
1777104053235 0.65989 2
1777104112546 0.73299 3
1777104174969 0.67293 4
1777104246115 0.73295 5
1777104311633 0.72377 6
1777104370278 0.74158 7
1777104433984 0.74846 8
1777104497285 0.75884 9
1777104556732 0.75169 10
1777104619130 0.75501 11
1777104684663 0.7601 12
1777104740113 0.75597 13
1777104799981 0.77315 14
1777104860182 0.78193 15
1777104919232 0.76977 16
1777104974872 0.78458 17
1777105033738 0.78493 18
1777105096889 0.77705 19
1777105158712 0.78976 20
1777105217029 0.78546 21
1777105283312 0.78429 22
1777105347596 0.78522 23
1777105405870 0.79446 24
1777105468941 0.79199 25
1777105532804 0.79362 26
1777105593063 0.79387 27
1777105652735 0.79483 28
1777105713853 0.78965 29
1777105771867 0.80129 30
1777105831270 0.80228 31
1777105887029 0.80689 32
1777105943896 0.80573 33
1777106003830 0.80694 34
1777106064768 0.79813 35
1777106123309 0.80805 36
1777106182966 0.8023 37
1777106244773 0.81269 38
1777106302310 0.80295 39
1777106359087 0.81727 40
1777106417208 0.8094 41
1777106472453 0.81668 42
1777106528889 0.80918 43
1777106588510 0.81846 44
1777106644549 0.81221 45
1777106695557 0.81317 46
1777106746483 0.81938 47
1777106798402 0.81404 48
1777106852957 0.81302 49
1777106920461 0.81652 50
1777106969427 0.81383 51
1777107023571 0.82006 52
1777107077649 0.82161 53
1777107132569 0.82257 54
1777107188854 0.81666 55
1777107245124 0.81777 56
1777107302920 0.82121 57
1777107365359 0.82187 58
1777107430160 0.82206 59
1777107495273 0.82612 60
1777107566985 0.82719 61
1777107631908 0.8285 62
1777107686780 0.82156 63
1777107738071 0.82689 64
1777107790704 0.82258 65
1777107841387 0.8254 66
1777107900480 0.82383 67
1777107958567 0.82664 68
1777108016607 0.82715 69
1777108075665 0.82275 70
1777108133655 0.82476 71
1777108193577 0.82527 72
1777108254294 0.82705 73
1777108316164 0.82213 74
1777108375082 0.82766 75
1777108425435 0.8269 76
1777108477148 0.82179 77
1777108531778 0.82717 78
1777108590587 0.82782 79
1777108652147 0.82871 80
1777108712435 0.82253 81
1777108776606 0.82964 82
1777108829205 0.82782 83
1777108879811 0.82611 84
1777108939331 0.8282 85
1777109002045 0.82376 86
1777109064052 0.82849 87
1777109127375 0.82306 88
1777109188357 0.827 89
1777109252118 0.82734 90
1777109318804 0.83025 91
1777109383704 0.82849 92
1777109445895 0.82708 93
1777109498708 0.82826 94
1777109553765 0.82937 95
1777109615858 0.82981 96
1777109672329 0.83144 97
1777109728003 0.83025 98
1777109782725 0.82839 99
1777109798964 0.8276497297934288 99
