1777103903941 0.80368 0
1777103986902 0.84023 1
1777104053235 0.83544 2
1777104112546 0.88482 3
1777104174969 0.88737 4
1777104246115 0.89213 5
1777104311633 0.89066 6
1777104370278 0.90443 7
1777104433984 0.89895 8
1777104497285 0.90849 9
1777104556732 0.91168 10
1777104619130 0.90915 11
1777104684663 0.90568 12
1777104740113 0.90822 13
1777104799981 0.9219 14
1777104860182 0.9257 15
1777104919232 0.91987 16
1777104974872 0.92836 17
1777105033738 0.92377 18
1777105096889 0.92418 19
1777105158712 0.92693 20
1777105217029 0.92623 21
1777105283312 0.92876 22
1777105347596 0.92405 23
1777105405870 0.93098 24
1777105468941 0.93087 25
1777105532804 0.93082 26
1777105593063 0.93373 27
1777105652735 0.93198 28
1777105713853 0.92886 29
1777105771867 0.93165 30
1777105831270 0.94008 31
1777105887029 0.94062 32
1777105943896 0.94109 33
1777106003830 0.93879 34
1777106064768 0.93906 35
1777106123309 0.93821 36
1777106182966 0.93374 37
1777106244773 0.93965 38
1777106302310 0.93849 39
1777106359087 0.94556 40
1777106417208 0.93527 41
1777106472453 0.93756 42
1777106528889 0.93668 43
1777106588510 0.94347 44
1777106644549 0.94244 45
1777106695557 0.94062 46
1777106746483 0.93855 47
1777106798402 0.93906 48
1777106852957 0.94062 49
1777106920461 0.94845 50
1777106969427 0.94577 51
1777107023571 0.94319 52
1777107077649 0.9439 53
1777107132569 0.94608 54
1777107188854 0.93878 55
1777107245124 0.94112 56
1777107302920 0.94804 57
1777107365359 0.94543 58
1777107430160 0.94914 59
1777107495273 0.94874 60
1777107566985 0.95002 61
1777107631908 0.95419 62
1777107686780 0.94757 63
1777107738071 0.9486 64
1777107790704 0.94415 65
1777107841387 0.94685 66
1777107900480 0.94692 67
1777107958567 0.94386 68
1777108016607 0.94602 69
1777108075665 0.94802 70
1777108133655 0.94714 71
1777108193577 0.94559 72
1777108254294 0.95054 73
1777108316164 0.9442 74
1777108375082 0.94986 75
1777108425435 0.95029 76
1777108477148 0.94291 77
1777108531778 0.9504 78
1777108590587 0.94893 79
1777108652147 0.95194 80
1777108712435 0.9452 81
1777108776606 0.94945 82
1777108829205 0.95102 83
1777108879811 0.94651 84
1777108939331 0.94895 85
1777109002045 0.94556 86
1777109064052 0.95035 87
1777109127375 0.94477 88
1777109188357 0.94782 89
1777109252118 0.94884 90
1777109318804 0.94874 91
1777109383704 0.9482 92
1777109445895 0.94628 93
1777109498708 0.94842 94
1777109553765 0.94849 95
1777109615858 0.94918 96
1777109672329 0.94877 97
1777109728003 0.94779 98
1777109782725 0.94693 99
1777109798964 0.9498193485531969 99
