1777103903941 0.79275 0
1777103986902 0.82196 1
1777104053235 0.79942 2
1777104112546 0.86837 3
1777104174969 0.87958 4
1777104246115 0.87902 5
1777104311633 0.86621 6
1777104370278 0.87561 7
1777104433984 0.87163 8
1777104497285 0.88896 9
1777104556732 0.90575 10
1777104619130 0.88838 11
1777104684663 0.90577 12
1777104740113 0.89876 13
1777104799981 0.90707 14
1777104860182 0.90805 15
1777104919232 0.90904 16
1777104974872 0.89332 17
1777105033738 0.89413 18
1777105096889 0.89508 19
1777105158712 0.89942 20
1777105217029 0.90071 21
1777105283312 0.9035 22
1777105347596 0.90369 23
1777105405870 0.91637 24
1777105468941 0.9098 25
1777105532804 0.90946 26
1777105593063 0.89781 27
1777105652735 0.89699 28
1777105713853 0.89178 29
1777105771867 0.90975 30
1777105831270 0.9185 31
1777105887029 0.90187 32
1777105943896 0.90987 33
1777106003830 0.91469 34
1777106064768 0.89954 35
1777106123309 0.91375 36
1777106182966 0.90559 37
1777106244773 0.91313 38
1777106302310 0.90522 39
1777106359087 0.92601 40
1777106417208 0.90668 41
1777106472453 0.91348 42
1777106528889 0.91598 43
1777106588510 0.9407 44
1777106644549 0.93199 45
1777106695557 0.90479 46
1777106746483 0.91879 47
1777106798402 0.9235 48
1777106852957 0.89551 49
1777106920461 0.91371 50
1777106969427 0.92609 51
1777107023571 0.90815 52
1777107077649 0.91678 53
1777107132569 0.8988 54
1777107188854 0.89839 55
1777107245124 0.90317 56
1777107302920 0.91444 57
1777107365359 0.9168 58
1777107430160 0.92398 59
1777107495273 0.90859 60
1777107566985 0.93272 61
1777107631908 0.91487 62
1777107686780 0.90661 63
1777107738071 0.92114 64
1777107790704 0.92679 65
1777107841387 0.9214 66
1777107900480 0.92973 67
1777107958567 0.93243 68
1777108016607 0.9199 69
1777108075665 0.92552 70
1777108133655 0.9214 71
1777108193577 0.93611 72
1777108254294 0.92554 73
1777108316164 0.90173 74
1777108375082 0.91536 75
1777108425435 0.93305 76
1777108477148 0.92052 77
1777108531778 0.9186 78
1777108590587 0.93025 79
1777108652147 0.92561 80
1777108712435 0.92362 81
1777108776606 0.92996 82
1777108829205 0.91301 83
1777108879811 0.92289 84
1777108939331 0.91982 85
1777109002045 0.91844 86
1777109064052 0.92896 87
1777109127375 0.90923 88
1777109188357 0.9139 89
1777109252118 0.91168 90
1777109318804 0.9116 91
1777109383704 0.91204 92
1777109445895 0.90907 93
1777109498708 0.91162 94
1777109553765 0.91978 95
1777109615858 0.91803 96
1777109672329 0.91648 97
1777109728003 0.91795 98
1777109782725 0.91943 99
1777109798964 0.9131650489110281 99
