1777115623834 0.01181 0
1777115667535 0.46852 1
1777115700934 0.44986 2
1777115734814 0.46434 3
1777115766638 0.49269 4
1777115798263 0.67811 5
1777115828642 0.51391 6
1777115861017 0.5366 7
1777115894888 0.43142 8
1777115926551 0.57499 9
1777115959652 0.52728 10
1777115993612 0.53426 11
1777116026341 0.5222 12
1777116064292 0.62648 13
1777116095892 0.58358 14
1777116128517 0.53689 15
1777116159287 0.60825 16
1777116191534 0.57958 17
1777116225862 0.6016 18
1777116257277 0.70189 19
1777116287255 0.67735 20
1777116318590 0.71056 21
1777116350940 0.73354 22
1777116382786 0.75165 23
1777116415187 0.7266 24
1777116453471 0.67194 25
1777116486698 0.72327 26
1777116519183 0.691 27
1777116552960 0.70361 28
1777116585747 0.73383 29
1777116616528 0.77076 30
1777116645949 0.78201 31
1777116673170 0.72959 32
1777116699707 0.77701 33
1777116728428 0.78066 34
1777116757476 0.73691 35
1777116787440 0.72945 36
1777116819531 0.76146 37
1777116850641 0.77422 38
1777116883265 0.76025 39
1777116918619 0.80227 40
1777116953829 0.81206 41
1777116987988 0.76306 42
1777117016816 0.79423 43
1777117042778 0.81895 44
1777117069047 0.83095 45
1777117095167 0.79368 46
1777117124820 0.82717 47
1777117156138 0.74773 48
1777117185065 0.78998 49
1777117216989 0.77462 50
1777117246764 0.80707 51
1777117279157 0.80636 52
1777117310545 0.79978 53
1777117342438 0.8572 54
1777117373165 0.80757 55
1777117406657 0.79864 56
1777117436300 0.76911 57
1777117471733 0.84696 58
1777117506846 0.83046 59
1777117538290 0.85106 60
1777117572410 0.81833 61
1777117610716 0.80169 62
1777117646527 0.805 63
1777117684714 0.75798 64
1777117724540 0.77606 65
1777117758165 0.80763 66
1777117789933 0.80989 67
1777117826651 0.80724 68
1777117859589 0.80009 69
1777117892799 0.79953 70
1777117903867 0.8447966938147874 70
