1777115612589 5.596026490066225e-05 0
1777115659784 0.00011118189161147902 1
1777115693963 0.0001652881183222958 2
1777115727478 0.00016398069999999998 3
1777115760624 0.00016230759999999998 4
1777115792068 0.0001606345 5
1777115821983 0.0001589614 6
1777115854266 0.0001572883 7
1777115888048 0.0001556152 8
1777115920041 0.0001539421 9
1777115951479 0.000152269 10
1777115985887 0.00015059589999999999 11
1777116019294 0.00014892279999999998 12
1777116056935 0.00014724969999999998 13
1777116089350 0.00014557659999999998 14
1777116121158 0.0001439035 15
1777116152467 0.0001422304 16
1777116184185 0.0001405573 17
1777116217030 0.0001388842 18
1777116250410 0.0001372111 19
1777116280980 0.000135538 20
1777116312383 0.00013386489999999999 21
1777116344558 0.00013219179999999998 22
1777116376376 0.00013051869999999998 23
1777116408543 0.00012884559999999998 24
1777116445058 0.00012717249999999998 25
1777116479807 0.0001254994 26
1777116512295 0.0001238263 27
1777116545912 0.0001221532 28
1777116579448 0.00012048009999999999 29
1777116610034 0.00011880699999999999 30
1777116639123 0.00011713389999999999 31
1777116667489 0.00011546079999999998 32
1777116694122 0.00011378769999999998 33
1777116721945 0.00011211459999999997 34
1777116751260 0.00011044149999999999 35
1777116781284 0.0001087684 36
1777116812881 0.0001070953 37
1777116844120 0.0001054222 38
1777116876157 0.00010374909999999999 39
1777116912203 0.00010207599999999999 40
1777116947130 0.0001004029 41
1777116981100 9.87298e-05 42
1777117011256 9.70567e-05 43
1777117037050 9.538359999999999e-05 44
1777117063204 9.371049999999999e-05 45
1777117089344 9.203740000000001e-05 46
1777117118425 9.03643e-05 47
1777117149869 8.86912e-05 48
1777117179075 8.701809999999999e-05 49
1777117210885 8.534499999999999e-05 50
1777117240617 8.367189999999999e-05 51
1777117272043 8.199879999999998e-05 52
1777117303273 8.03257e-05 53
1777117335648 7.865259999999999e-05 54
1777117366467 7.697949999999999e-05 55
1777117399351 7.530639999999999e-05 56
1777117430369 7.36333e-05 57
1777117463983 7.196020000000001e-05 58
1777117499362 7.02871e-05 59
1777117530927 6.8614e-05 60
1777117564985 6.69409e-05 61
1777117604226 6.52678e-05 62
1777117636941 6.35947e-05 63
1777117674590 6.19216e-05 64
1777117717385 6.024849999999999e-05 65
1777117751500 5.857539999999999e-05 66
1777117783259 5.6902299999999985e-05 67
1777117820063 5.522919999999999e-05 68
1777117853068 5.355610000000001e-05 69
1777117886365 5.1883000000000005e-05 70
