1777112342894 0.82338 0
1777112374806 0.82122 1
1777112405626 0.82243 2
1777112435061 0.80641 3
1777112465095 0.78413 4
1777112494330 0.77507 5
1777112524311 0.74496 6
1777112555773 0.73781 7
1777112594641 0.72595 8
1777112628777 0.71838 9
1777112664950 0.72839 10
1777112699237 0.70447 11
1777112741730 0.70323 12
1777112788478 0.7095 13
1777112835959 0.70309 14
1777112867600 0.69496 15
1777112899511 0.68007 16
1777112932202 0.69496 17
1777112968143 0.67988 18
1777113003657 0.67586 19
1777113037181 0.66377 20
1777113071621 0.67962 21
1777113106833 0.65467 22
1777113140814 0.6656 23
1777113175655 0.65909 24
1777113209354 0.65528 25
1777113242442 0.65831 26
1777113279153 0.65895 27
1777113313372 0.65846 28
1777113346720 0.66246 29
1777113378565 0.6475 30
1777113410358 0.65142 31
