1777112342894 5.20841 0
1777112374806 4.28846 1
1777112405626 3.68438 2
1777112435061 3.20873 3
1777112465095 2.91073 4
1777112494330 2.6099 5
1777112524311 2.42355 6
1777112555773 2.28991 7
1777112594641 2.15758 8
1777112628777 2.04786 9
1777112664950 1.99601 10
1777112699237 1.90609 11
1777112741730 1.79108 12
1777112788478 1.7558 13
1777112835959 1.662 14
1777112867600 1.60758 15
1777112899511 1.53816 16
1777112932202 1.56417 17
1777112968143 1.45965 18
1777113003657 1.43638 19
1777113037181 1.37292 20
1777113071621 1.37806 21
1777113106833 1.26362 22
1777113140814 1.2537 23
1777113175655 1.26563 24
1777113209354 1.25294 25
1777113242442 1.19698 26
1777113279153 1.165 27
1777113313372 1.15548 28
1777113346720 1.15239 29
1777113378565 1.09603 30
1777113410358 1.09784 31
1777113443456 1.07043 32
1777113478952 1.05659 33
1777113513689 1.03594 34
1777113550480 1.01877 35
