1777112342894 0.95176 0
1777112374806 0.9617 1
1777112405626 0.96307 2
1777112435061 0.95774 3
1777112465095 0.95912 4
1777112494330 0.95708 5
1777112524311 0.94716 6
1777112555773 0.94387 7
1777112594641 0.93391 8
1777112628777 0.93425 9
1777112664950 0.93957 10
1777112699237 0.92681 11
1777112741730 0.92856 12
1777112788478 0.93004 13
1777112835959 0.93569 14
1777112867600 0.92935 15
1777112899511 0.92214 16
1777112932202 0.92418 17
1777112968143 0.92035 18
1777113003657 0.91442 19
1777113037181 0.91187 20
1777113071621 0.92553 21
1777113106833 0.91261 22
1777113140814 0.91742 23
1777113175655 0.91584 24
1777113209354 0.91386 25
1777113242442 0.91662 26
1777113279153 0.91843 27
1777113313372 0.90989 28
1777113346720 0.91989 29
1777113378565 0.90466 30
1777113410358 0.91031 31
