1777008161084 0.27481 0
1777008294258 0.41842 1
1777008430365 0.47596 2
1777008564066 0.59869 3
1777008695612 0.59551 4
1777008826947 0.60718 5
1777008970302 0.65689 6
1777009128166 0.68209 7
1777009278862 0.70097 8
1777009422354 0.74968 9
1777009571733 0.76031 10
1777009719371 0.77179 11
1777009847853 0.76256 12
1777009993550 0.77256 13
1777010127089 0.79653 14
1777010258992 0.82755 15
1777010391864 0.81457 16
1777010526186 0.83007 17
1777010662056 0.80635 18
1777010806216 0.80797 19
1777010947834 0.84923 20
1777011088392 0.83582 21
1777011216174 0.79492 22
1777011353799 0.85457 23
1777011489981 0.8459 24
1777011625535 0.83757 25
1777011760292 0.84313 26
1777011894866 0.84095 27
1777012030537 0.86608 28
1777012164531 0.84109 29
1777012299360 0.84192 30
1777012433927 0.86176 31
1777012568946 0.86709 32
1777012702816 0.85693 33
1777012836777 0.86245 34
1777012974165 0.8419 35
1777013109920 0.84644 36
1777013245589 0.87003 37
1777013378830 0.87808 38
1777013514281 0.86511 39
1777013648360 0.87571 40
1777013784527 0.86567 41
1777013917935 0.87251 42
1777014052021 0.87109 43
1777014187894 0.88229 44
1777014322331 0.87285 45
1777014458331 0.87009 46
1777014591198 0.87937 47
1777014727265 0.87923 48
1777014879434 0.87599 49
1777015040735 0.88735 50
1777015180735 0.88267 51
1777015324094 0.88417 52
1777015460410 0.89104 53
1777015596586 0.88585 54
1777015756436 0.88616 55
1777015904585 0.89262 56
1777016040148 0.87272 57
1777016185184 0.88067 58
1777016322209 0.89757 59
1777016457286 0.87822 60
1777016595099 0.89839 61
1777016729611 0.88584 62
1777016866616 0.87673 63
1777017001092 0.88968 64
1777017138470 0.88899 65
1777017272712 0.88288 66
1777017409718 0.89079 67
1777017547004 0.87699 68
1777017684649 0.87861 69
1777017829859 0.8792 70
1777017973120 0.89866 71
1777018121626 0.88733 72
1777018264310 0.88395 73
1777018410878 0.88503 74
1777018554664 0.88527 75
1777018699916 0.88781 76
1777018845884 0.8948 77
1777018993191 0.88718 78
1777019138413 0.88147 79
1777019285712 0.88267 80
1777019430574 0.89128 81
1777019579355 0.88697 82
1777019729545 0.89055 83
1777019877595 0.89293 84
1777020026985 0.89316 85
1777020187860 0.89871 86
1777020320983 0.89412 87
1777020469751 0.88824 88
1777020623175 0.89423 89
1777020797483 0.88795 90
1777020941443 0.89202 91
1777021078265 0.89599 92
1777021225352 0.89629 93
1777021363859 0.90233 94
1777021507590 0.904 95
1777021662928 0.90499 96
1777021817753 0.90142 97
1777021959296 0.90469 98
1777022102514 0.90236 99
1777022130382 0.9005593883121024 99
