1777008161084 0.23132 0
1777008294258 0.34678 1
1777008430365 0.3973 2
1777008564066 0.49678 3
1777008695612 0.4997 4
1777008826947 0.51151 5
1777008970302 0.55844 6
1777009128166 0.57195 7
1777009278862 0.59225 8
1777009422354 0.63204 9
1777009571733 0.64192 10
1777009719371 0.65801 11
1777009847853 0.64673 12
1777009993550 0.65549 13
1777010127089 0.68313 14
1777010258992 0.7056 15
1777010391864 0.70431 16
1777010526186 0.71147 17
1777010662056 0.68865 18
1777010806216 0.69357 19
1777010947834 0.72827 20
1777011088392 0.71847 21
1777011216174 0.67061 22
1777011353799 0.73323 23
1777011489981 0.72417 24
1777011625535 0.71967 25
1777011760292 0.72909 26
1777011894866 0.72457 27
1777012030537 0.74247 28
1777012164531 0.72501 29
1777012299360 0.73051 30
1777012433927 0.74293 31
1777012568946 0.74914 32
1777012702816 0.73618 33
1777012836777 0.74721 34
1777012974165 0.73459 35
1777013109920 0.73664 36
1777013245589 0.75378 37
1777013378830 0.75894 38
1777013514281 0.74866 39
1777013648360 0.76296 40
1777013784527 0.75436 41
1777013917935 0.76641 42
1777014052021 0.76163 43
1777014187894 0.76929 44
1777014322331 0.76169 45
1777014458331 0.75769 46
1777014591198 0.76708 47
1777014727265 0.77087 48
1777014879434 0.76702 49
1777015040735 0.76984 50
1777015180735 0.76699 51
1777015324094 0.77185 52
1777015460410 0.77842 53
1777015596586 0.77474 54
1777015756436 0.77355 55
1777015904585 0.77806 56
1777016040148 0.76417 57
1777016185184 0.77491 58
1777016322209 0.78845 59
1777016457286 0.77102 60
1777016595099 0.78347 61
1777016729611 0.77974 62
1777016866616 0.76501 63
1777017001092 0.78166 64
1777017138470 0.7823 65
1777017272712 0.77746 66
1777017409718 0.78234 67
1777017547004 0.76876 68
1777017684649 0.7764 69
1777017829859 0.77783 70
1777017973120 0.79054 71
1777018121626 0.77751 72
1777018264310 0.7739 73
1777018410878 0.7787 74
1777018554664 0.77999 75
1777018699916 0.78008 76
1777018845884 0.78806 77
1777018993191 0.78003 78
1777019138413 0.77174 79
1777019285712 0.77671 80
1777019430574 0.78245 81
1777019579355 0.77876 82
1777019729545 0.78202 83
1777019877595 0.78325 84
1777020026985 0.78372 85
1777020187860 0.78934 86
1777020320983 0.78473 87
1777020469751 0.78342 88
1777020623175 0.78604 89
1777020797483 0.78014 90
1777020941443 0.77957 91
1777021078265 0.78653 92
1777021225352 0.78754 93
1777021363859 0.79574 94
1777021507590 0.79262 95
1777021662928 0.79644 96
1777021817753 0.79164 97
1777021959296 0.79343 98
1777022102514 0.79226 99
1777022130382 0.7855412432599252 99
