1777008161084 0.5738 0
1777008294258 0.40462 1
1777008430365 0.64465 2
1777008564066 0.67313 3
1777008695612 0.63615 4
1777008826947 0.58078 5
1777008970302 0.71756 6
1777009128166 0.66021 7
1777009278862 0.80627 8
1777009422354 0.78589 9
1777009571733 0.68542 10
1777009719371 0.78964 11
1777009847853 0.65288 12
1777009993550 0.71911 13
1777010127089 0.79397 14
1777010258992 0.75719 15
1777010391864 0.7598 16
1777010526186 0.81941 17
1777010662056 0.82434 18
1777010806216 0.74908 19
1777010947834 0.74353 20
1777011088392 0.81176 21
1777011216174 0.73081 22
1777011353799 0.80696 23
1777011489981 0.82859 24
1777011625535 0.78753 25
1777011760292 0.75243 26
1777011894866 0.77517 27
1777012030537 0.79894 28
1777012164531 0.78643 29
1777012299360 0.81049 30
1777012433927 0.81373 31
1777012568946 0.85199 32
1777012702816 0.75398 33
1777012836777 0.86033 34
1777012974165 0.82324 35
1777013109920 0.82293 36
1777013245589 0.77095 37
1777013378830 0.82184 38
1777013514281 0.79417 39
1777013648360 0.86331 40
1777013784527 0.7557 41
1777013917935 0.84451 42
1777014052021 0.82944 43
1777014187894 0.81954 44
1777014322331 0.85278 45
1777014458331 0.85057 46
1777014591198 0.82503 47
1777014727265 0.82647 48
1777014879434 0.83324 49
1777015040735 0.86309 50
1777015180735 0.80224 51
1777015324094 0.84621 52
1777015460410 0.86323 53
1777015596586 0.78059 54
1777015756436 0.77522 55
1777015904585 0.81516 56
1777016040148 0.84302 57
1777016185184 0.8609 58
1777016322209 0.81925 59
1777016457286 0.83135 60
1777016595099 0.86916 61
1777016729611 0.81813 62
1777016866616 0.83271 63
1777017001092 0.82113 64
1777017138470 0.87352 65
1777017272712 0.83288 66
1777017409718 0.83479 67
1777017547004 0.84129 68
1777017684649 0.81846 69
1777017829859 0.81816 70
1777017973120 0.85501 71
1777018121626 0.81766 72
1777018264310 0.81935 73
1777018410878 0.83253 74
1777018554664 0.84617 75
1777018699916 0.83821 76
1777018845884 0.8377 77
1777018993191 0.83126 78
1777019138413 0.82675 79
1777019285712 0.82543 80
1777019430574 0.84534 81
1777019579355 0.82387 82
1777019729545 0.85201 83
1777019877595 0.87658 84
1777020026985 0.88009 85
1777020187860 0.84358 86
1777020320983 0.85957 87
1777020469751 0.84746 88
1777020623175 0.86205 89
1777020797483 0.84893 90
1777020941443 0.87082 91
1777021078265 0.84882 92
1777021225352 0.86046 93
1777021363859 0.85975 94
1777021507590 0.85987 95
1777021662928 0.88242 96
1777021817753 0.85261 97
1777021959296 0.8701 98
1777022102514 0.85908 99
1777022130382 0.8561637198543438 99
