1777008161084 0.31365 0
1777008294258 0.46046 1
1777008430365 0.46063 2
1777008564066 0.56425 3
1777008695612 0.58321 4
1777008826947 0.57352 5
1777008970302 0.59449 6
1777009128166 0.6424 7
1777009278862 0.59711 8
1777009422354 0.67231 9
1777009571733 0.7448 10
1777009719371 0.70349 11
1777009847853 0.70863 12
1777009993550 0.68603 13
1777010127089 0.70945 14
1777010258992 0.75969 15
1777010391864 0.73879 16
1777010526186 0.74938 17
1777010662056 0.69744 18
1777010806216 0.77071 19
1777010947834 0.82065 20
1777011088392 0.75388 21
1777011216174 0.79226 22
1777011353799 0.81314 23
1777011489981 0.78541 24
1777011625535 0.79921 25
1777011760292 0.80017 26
1777011894866 0.82796 27
1777012030537 0.7913 28
1777012164531 0.80613 29
1777012299360 0.78341 30
1777012433927 0.83031 31
1777012568946 0.81221 32
1777012702816 0.85014 33
1777012836777 0.81086 34
1777012974165 0.77959 35
1777013109920 0.76536 36
1777013245589 0.86615 37
1777013378830 0.83251 38
1777013514281 0.83807 39
1777013648360 0.81362 40
1777013784527 0.84305 41
1777013917935 0.80721 42
1777014052021 0.8243 43
1777014187894 0.84521 44
1777014322331 0.81569 45
1777014458331 0.82754 46
1777014591198 0.85473 47
1777014727265 0.84123 48
1777014879434 0.83471 49
1777015040735 0.83478 50
1777015180735 0.86106 51
1777015324094 0.85052 52
1777015460410 0.84251 53
1777015596586 0.87624 54
1777015756436 0.86005 55
1777015904585 0.82983 56
1777016040148 0.81505 57
1777016185184 0.81199 58
1777016322209 0.87013 59
1777016457286 0.85267 60
1777016595099 0.83955 61
1777016729611 0.85302 62
1777016866616 0.84105 63
1777017001092 0.86996 64
1777017138470 0.83316 65
1777017272712 0.86415 66
1777017409718 0.85259 67
1777017547004 0.84329 68
1777017684649 0.87056 69
1777017829859 0.85773 70
1777017973120 0.85122 71
1777018121626 0.85889 72
1777018264310 0.84982 73
1777018410878 0.83864 74
1777018554664 0.84631 75
1777018699916 0.84193 76
1777018845884 0.86403 77
1777018993191 0.8577 78
1777019138413 0.87065 79
1777019285712 0.86032 80
1777019430574 0.85951 81
1777019579355 0.85833 82
1777019729545 0.85262 83
1777019877595 0.83801 84
1777020026985 0.8383 85
1777020187860 0.86138 86
1777020320983 0.8444 87
1777020469751 0.86743 88
1777020623175 0.86368 89
1777020797483 0.86115 90
1777020941443 0.85335 91
1777021078265 0.87494 92
1777021225352 0.87342 93
1777021363859 0.87742 94
1777021507590 0.88408 95
1777021662928 0.87394 96
1777021817753 0.88396 97
1777021959296 0.85891 98
1777022102514 0.87481 99
1777022130382 0.8907164066364489 99
