1777129279712 0.06509 0
1777129331640 0.15158 1
1777129384241 0.25424 2
1777129434126 0.33645 3
1777129490866 0.43444 4
1777129545884 0.50768 5
1777129600047 0.52034 6
1777129653571 0.59092 7
1777129708955 0.60567 8
1777129762562 0.64226 9
1777129816874 0.7002 10
1777129870688 0.70669 11
1777129925002 0.71244 12
1777129978359 0.73985 13
1777130032827 0.75298 14
1777130087069 0.76521 15
1777130140900 0.77891 16
1777130195728 0.76884 17
1777130248337 0.77897 18
1777130301131 0.80016 19
1777130355531 0.80062 20
1777130407943 0.77521 21
1777130462126 0.80787 22
1777130514763 0.81174 23
1777130566675 0.80212 24
1777130619757 0.81437 25
1777130674291 0.81354 26
1777130726049 0.81057 27
1777130780384 0.81075 28
1777130836481 0.80539 29
1777130890878 0.81578 30
1777130945043 0.80742 31
1777130997805 0.80796 32
1777131052368 0.82926 33
1777131107919 0.812 34
1777131160368 0.81978 35
1777131213916 0.84175 36
1777131269687 0.83149 37
1777131323502 0.8192 38
1777131378008 0.82641 39
1777131431244 0.80597 40
1777131485044 0.81649 41
1777131539255 0.82278 42
1777131593229 0.82377 43
1777131648075 0.82398 44
1777131701937 0.82621 45
1777131755071 0.83727 46
1777131809140 0.83131 47
1777131864945 0.83543 48
1777131919931 0.83533 49
1777131980623 0.82347 50
1777132034023 0.83879 51
1777132092428 0.84274 52
1777132150930 0.83177 53
1777132208194 0.82584 54
1777132265154 0.83689 55
1777132322996 0.82865 56
1777132379501 0.82672 57
1777132436681 0.82548 58
1777132498159 0.82908 59
1777132554105 0.82985 60
1777132609028 0.84205 61
1777132662163 0.83051 62
1777132717402 0.83293 63
1777132772566 0.82982 64
1777132826911 0.82965 65
1777132882443 0.82858 66
1777132938660 0.8335 67
1777132993482 0.82427 68
1777133049056 0.83031 69
1777133104877 0.82541 70
1777133159605 0.8254 71
1777133215003 0.82523 72
1777133269484 0.83567 73
1777133325035 0.83434 74
1777133380190 0.82977 75
1777133434467 0.82813 76
1777133490113 0.8392 77
1777133545404 0.83416 78
1777133599229 0.83286 79
1777133654627 0.83588 80
1777133709651 0.83411 81
1777133763881 0.8376 82
1777133819672 0.83804 83
1777133873998 0.84246 84
1777133928586 0.83939 85
1777133984534 0.8329 86
1777134040467 0.83762 87
1777134095724 0.8384 88
1777134150743 0.83946 89
1777134206315 0.83135 90
1777134262128 0.835 91
1777134317507 0.83209 92
1777134371815 0.83027 93
1777134427162 0.83597 94
1777134482625 0.83436 95
1777134538330 0.83274 96
1777134593292 0.8333 97
1777134649201 0.83095 98
1777134704166 0.82952 99
1777134716989 0.850738856888537 99
