1777120063807 0.13647 0
1777120134603 0.18249 1
1777120232021 0.36198 2
1777120336216 0.49443 3
1777120407885 0.44907 4
1777120476706 0.50176 5
1777120548600 0.58075 6
1777120615037 0.54918 7
1777120665307 0.61581 8
1777120715526 0.64751 9
1777120772060 0.64665 10
1777120829424 0.71904 11
1777120887685 0.66463 12
1777120948661 0.65574 13
1777121006885 0.67251 14
1777121065764 0.66572 15
1777121122277 0.70349 16
1777121179391 0.72981 17
1777121237051 0.74538 18
1777121294942 0.71793 19
1777121352172 0.7159 20
1777121410154 0.77173 21
1777121475453 0.75586 22
1777121533415 0.74655 23
1777121591223 0.74109 24
1777121650021 0.78093 25
1777121707680 0.72699 26
1777121766854 0.76291 27
1777121825152 0.75269 28
1777121883670 0.77906 29
1777121941944 0.75673 30
1777121999881 0.76916 31
1777122057575 0.78215 32
1777122117039 0.79652 33
1777122174935 0.79866 34
1777122232147 0.78029 35
1777122290848 0.75027 36
1777122349774 0.75736 37
1777122407507 0.79671 38
1777122466305 0.75125 39
1777122524727 0.75718 40
1777122581748 0.74871 41
1777122640865 0.76891 42
1777122699686 0.78857 43
1777122758977 0.7677 44
1777122817013 0.76115 45
1777122875529 0.72816 46
1777122934934 0.7919 47
1777122994124 0.79659 48
1777123052024 0.77213 49
