1777024212115 1.01126 0
1777024499072 0.97207 1
1777024787123 0.94595 2
1777025067114 0.93441 3
1777025356980 0.91434 4
1777025670146 0.88474 5
1777025966127 0.86668 6
1777026297879 0.83905 7
1777026605216 0.81447 8
1777026917234 0.82825 9
1777027218217 0.79583 10
1777027496103 0.7948 11
1777027783316 0.78064 12
1777028055996 0.76461 13
1777028327123 0.75906 14
1777028598580 0.75763 15
1777028908367 0.74089 16
1777029254089 0.74257 17
1777029588305 0.72783 18
1777029869477 0.72029 19
1777030147645 0.71177 20
1777030427031 0.69709 21
1777030708633 0.71109 22
1777030990952 0.6958 23
1777031271776 0.68739 24
1777031553357 0.68705 25
1777031831907 0.67969 26
1777032111784 0.67891 27
1777032392059 0.65857 28
1777032691714 0.65153 29
1777032988046 0.65027 30
1777033284293 0.66211 31
1777033580164 0.65365 32
1777033879048 0.6501 33
1777034180939 0.63222 34
1777034479708 0.63614 35
1777034778454 0.64015 36
1777035075537 0.61974 37
1777035375424 0.61435 38
1777035674668 0.62358 39
1777035971701 0.60977 40
1777036272796 0.61285 41
1777036572354 0.60686 42
1777036870553 0.59989 43
1777037168362 0.59794 44
1777037467489 0.58274 45
1777037768015 0.58222 46
1777038066419 0.58173 47
1777038365554 0.58025 48
1777038666114 0.57548 49
1777038982550 0.55217 50
1777039279789 0.53129 51
1777039576650 0.52556 52
1777039877149 0.5197 53
1777040174171 0.51789 54
1777040474388 0.51818 55
