1777024212115 3.50186 0
1777024499072 1.82355 1
1777024787123 1.50612 2
1777025067114 1.32749 3
1777025356980 1.19507 4
1777025670146 1.10261 5
1777025966127 1.04311 6
1777026297879 0.96552 7
1777026605216 0.94545 8
1777026917234 0.91546 9
1777027218217 0.86956 10
1777027496103 0.82339 11
1777027783316 0.79366 12
1777028055996 0.76495 13
1777028327123 0.75546 14
1777028598580 0.75457 15
1777028908367 0.71018 16
1777029254089 0.6982 17
1777029588305 0.68071 18
1777029869477 0.67678 19
1777030147645 0.67211 20
1777030427031 0.64139 21
1777030708633 0.65679 22
1777030990952 0.62559 23
1777031271776 0.63043 24
1777031553357 0.61617 25
1777031831907 0.59975 26
1777032111784 0.59349 27
1777032392059 0.58898 28
1777032691714 0.57766 29
1777032988046 0.56156 30
1777033284293 0.56923 31
1777033580164 0.54196 32
1777033879048 0.55899 33
1777034180939 0.5263 34
1777034479708 0.5533 35
1777034778454 0.55117 36
1777035075537 0.52156 37
1777035375424 0.50771 38
1777035674668 0.53109 39
1777035971701 0.49735 40
1777036272796 0.49875 41
1777036572354 0.49511 42
1777036870553 0.48026 43
1777037168362 0.48742 44
1777037467489 0.47485 45
1777037768015 0.46265 46
1777038066419 0.46745 47
1777038365554 0.46029 48
1777038666114 0.46333 49
1777038982550 0.36068 50
1777039279789 0.33731 51
1777039576650 0.34018 52
1777039877149 0.33715 53
1777040174171 0.33361 54
1777040474388 0.32532 55
1777040782597 0.32087 56
1777041083414 0.30932 57
