1777024212115 1.11775 0
1777024499072 1.09625 1
1777024787123 1.08852 2
1777025067114 1.08725 3
1777025356980 1.08844 4
1777025670146 1.06493 5
1777025966127 1.05963 6
1777026297879 1.04081 7
1777026605216 1.02381 8
1777026917234 1.03742 9
1777027218217 1.02362 10
1777027496103 1.01947 11
1777027783316 1.02118 12
1777028055996 1.00001 13
1777028327123 0.99857 14
1777028598580 0.99151 15
1777028908367 0.99297 16
1777029254089 0.99205 17
1777029588305 0.9912 18
1777029869477 0.98077 19
1777030147645 0.97994 20
1777030427031 0.96891 21
1777030708633 0.98191 22
1777030990952 0.97836 23
1777031271776 0.97146 24
1777031553357 0.97685 25
1777031831907 0.96725 26
1777032111784 0.96921 27
1777032392059 0.94787 28
1777032691714 0.94985 29
1777032988046 0.95316 30
1777033284293 0.95727 31
1777033580164 0.95174 32
1777033879048 0.94939 33
1777034180939 0.93871 34
1777034479708 0.94794 35
1777034778454 0.95299 36
1777035075537 0.93492 37
1777035375424 0.93411 38
1777035674668 0.94445 39
1777035971701 0.93767 40
1777036272796 0.94715 41
1777036572354 0.93466 42
1777036870553 0.9295 43
1777037168362 0.93023 44
1777037467489 0.91728 45
1777037768015 0.92344 46
1777038066419 0.92509 47
1777038365554 0.92228 48
1777038666114 0.91748 49
1777038982550 0.90927 50
1777039279789 0.90087 51
1777039576650 0.8977 52
1777039877149 0.89852 53
1777040174171 0.8888 54
1777040474388 0.89247 55
1777040782597 0.88486 56
1777041083414 0.88477 57
