1777103896307 1.10528 0
1777103980263 1.07789 1
1777104046571 1.06981 2
1777104106893 1.06251 3
1777104169094 1.0536 4
1777104240093 1.04516 5
1777104304798 1.03317 6
1777104364307 1.02716 7
1777104427686 1.01558 8
1777104490959 1.0122 9
1777104550206 1.00605 10
1777104612784 1.00607 11
1777104678499 0.99592 12
1777104734408 0.99563 13
1777104793681 0.98731 14
1777104853938 0.98533 15
1777104913555 0.97859 16
1777104969133 0.97764 17
1777105027716 0.97295 18
1777105090382 0.97572 19
1777105152027 0.96968 20
1777105211285 0.96831 21
1777105276724 0.96698 22
1777105341283 0.96211 23
1777105400218 0.96257 24
1777105462369 0.95524 25
1777105526509 0.95477 26
1777105587476 0.94931 27
1777105647200 0.94382 28
1777105707821 0.9432 29
1777105765994 0.9384 30
1777105824801 0.93315 31
1777105881155 0.93377 32
1777105938211 0.93181 33
1777105997428 0.93173 34
1777106058707 0.93118 35
1777106117327 0.92941 36
1777106177007 0.92608 37
1777106239210 0.92916 38
1777106295423 0.92297 39
1777106353582 0.93019 40
1777106411200 0.92464 41
1777106466802 0.92096 42
1777106523284 0.91418 43
1777106582887 0.91108 44
1777106638027 0.91282 45
1777106690283 0.91129 46
1777106740967 0.90631 47
1777106792763 0.91016 48
1777106847385 0.90988 49
1777106915141 0.88427 50
1777106964350 0.88487 51
1777107018378 0.88047 52
1777107071674 0.88053 53
1777107127088 0.87465 54
1777107183194 0.87352 55
1777107238867 0.87602 56
1777107296982 0.87043 57
1777107359591 0.86845 58
1777107423167 0.86481 59
1777107488688 0.86391 60
1777107559453 0.86312 61
1777107625962 0.86821 62
1777107681075 0.86227 63
1777107732989 0.8603 64
1777107785142 0.8559 65
1777107835117 0.85976 66
1777107893983 0.86026 67
1777107952716 0.85788 68
1777108010391 0.85407 69
1777108069752 0.85768 70
1777108127930 0.84869 71
1777108187087 0.84902 72
1777108247182 0.84815 73
1777108309901 0.84839 74
1777108369312 0.849 75
1777108419777 0.8493 76
1777108471483 0.84369 77
1777108526035 0.84514 78
1777108583364 0.83995 79
1777108645609 0.84025 80
1777108706126 0.84404 81
1777108770505 0.84112 82
1777108823705 0.84348 83
1777108874235 0.83439 84
1777108932492 0.83671 85
1777108994836 0.83683 86
1777109057944 0.83313 87
1777109120823 0.83354 88
1777109181863 0.83409 89
1777109244696 0.83218 90
1777109312053 0.83119 91
1777109377865 0.83029 92
1777109439120 0.82841 93
1777109493142 0.83272 94
1777109548193 0.83143 95
1777109610151 0.82751 96
1777109666697 0.82558 97
1777109721490 0.82472 98
1777109776362 0.82854 99
