1777120056076 5.616617210682492e-05 0
1777120127928 0.0001113857603363007 1
1777120221892 0.00016548994856577644 2
1777120328861 0.00016398069999999998 3
1777120400142 0.00016230759999999998 4
1777120469740 0.0001606345 5
1777120541664 0.0001589614 6
1777120609483 0.0001572883 7
1777120659327 0.0001556152 8
1777120709784 0.0001539421 9
1777120765855 0.000152269 10
1777120823332 0.00015059589999999999 11
1777120880745 0.00014892279999999998 12
1777120941200 0.00014724969999999998 13
1777120999865 0.00014557659999999998 14
1777121058947 0.0001439035 15
1777121116210 0.0001422304 16
1777121173239 0.0001405573 17
1777121231154 0.0001388842 18
1777121288800 0.0001372111 19
1777121346172 0.000135538 20
1777121404262 0.00013386489999999999 21
1777121467469 0.00013219179999999998 22
1777121527265 0.00013051869999999998 23
1777121585374 0.00012884559999999998 24
1777121643542 0.00012717249999999998 25
1777121701656 0.0001254994 26
1777121760909 0.0001238263 27
1777121818974 0.0001221532 28
1777121877649 0.00012048009999999999 29
1777121935022 0.00011880699999999999 30
1777121993946 0.00011713389999999999 31
1777122051811 0.00011546079999999998 32
1777122110551 0.00011378769999999998 33
1777122168549 0.00011211459999999997 34
1777122226061 0.00011044149999999999 35
1777122285038 0.0001087684 36
1777122342690 0.0001070953 37
1777122401208 0.0001054222 38
1777122460359 0.00010374909999999999 39
1777122518466 0.00010207599999999999 40
1777122575688 0.0001004029 41
1777122634849 9.87298e-05 42
1777122693705 9.70567e-05 43
1777122752976 9.538359999999999e-05 44
1777122810515 9.371049999999999e-05 45
1777122869361 9.203740000000001e-05 46
1777122928431 9.03643e-05 47
1777122987918 8.86912e-05 48
1777123046012 8.701809999999999e-05 49
