1777129279712 0.05558 0
1777129331640 0.12624 1
1777129384241 0.21888 2
1777129434126 0.28791 3
1777129490866 0.3726 4
1777129545884 0.43881 5
1777129600047 0.44806 6
1777129653571 0.50965 7
1777129708955 0.526 8
1777129762562 0.55834 9
1777129816874 0.60546 10
1777129870688 0.60895 11
1777129925002 0.61719 12
1777129978359 0.64748 13
1777130032827 0.651 14
1777130087069 0.66486 15
1777130140900 0.6707 16
1777130195728 0.66286 17
1777130248337 0.66938 18
1777130301131 0.68957 19
1777130355531 0.694 20
1777130407943 0.6694 21
1777130462126 0.70147 22
1777130514763 0.70263 23
1777130566675 0.69716 24
1777130619757 0.70552 25
1777130674291 0.70476 26
1777130726049 0.69742 27
1777130780384 0.70283 28
1777130836481 0.70268 29
1777130890878 0.70887 30
1777130945043 0.69993 31
1777130997805 0.70066 32
1777131052368 0.72411 33
1777131107919 0.70673 34
1777131160368 0.71429 35
1777131213916 0.72812 36
1777131269687 0.72263 37
1777131323502 0.7131 38
1777131378008 0.71923 39
1777131431244 0.70135 40
1777131485044 0.71218 41
1777131539255 0.7174 42
1777131593229 0.71738 43
1777131648075 0.71887 44
1777131701937 0.72126 45
1777131755071 0.73206 46
1777131809140 0.72249 47
1777131864945 0.72994 48
1777131919931 0.72957 49
1777131980623 0.71675 50
1777132034023 0.73171 51
1777132092428 0.73506 52
1777132150930 0.72018 53
1777132208194 0.71785 54
1777132265154 0.72667 55
1777132322996 0.72142 56
1777132379501 0.7186 57
1777132436681 0.71853 58
1777132498159 0.72181 59
1777132554105 0.7221 60
1777132609028 0.73345 61
1777132662163 0.72433 62
1777132717402 0.72591 63
1777132772566 0.72332 64
1777132826911 0.7198 65
1777132882443 0.72187 66
1777132938660 0.72264 67
1777132993482 0.71798 68
1777133049056 0.72204 69
1777133104877 0.71992 70
1777133159605 0.71983 71
1777133215003 0.72047 72
1777133269484 0.72803 73
1777133325035 0.7257 74
1777133380190 0.72116 75
1777133434467 0.71923 76
1777133490113 0.73081 77
1777133545404 0.72673 78
1777133599229 0.72294 79
1777133654627 0.726 80
1777133709651 0.72541 81
1777133763881 0.72864 82
1777133819672 0.72996 83
1777133873998 0.73236 84
1777133928586 0.7328 85
1777133984534 0.72391 86
1777134040467 0.7286 87
1777134095724 0.72754 88
1777134150743 0.72924 89
1777134206315 0.72165 90
1777134262128 0.72501 91
1777134317507 0.72044 92
1777134371815 0.72051 93
1777134427162 0.72765 94
1777134482625 0.72383 95
1777134538330 0.722 96
1777134593292 0.72188 97
1777134649201 0.71991 98
1777134704166 0.71949 99
1777134716989 0.7353856796110194 99
