1777129279712 0.25506 0
1777129331640 0.17558 1
1777129384241 0.18981 2
1777129434126 0.26633 3
1777129490866 0.34121 4
1777129545884 0.51594 5
1777129600047 0.46422 6
1777129653571 0.52867 7
1777129708955 0.54925 8
1777129762562 0.62559 9
1777129816874 0.73542 10
1777129870688 0.68185 11
1777129925002 0.71419 12
1777129978359 0.72901 13
1777130032827 0.74483 14
1777130087069 0.7919 15
1777130140900 0.7765 16
1777130195728 0.8002 17
1777130248337 0.75194 18
1777130301131 0.79353 19
1777130355531 0.79339 20
1777130407943 0.77616 21
1777130462126 0.76872 22
1777130514763 0.7824 23
1777130566675 0.76684 24
1777130619757 0.76335 25
1777130674291 0.78224 26
1777130726049 0.79982 27
1777130780384 0.79399 28
1777130836481 0.76742 29
1777130890878 0.80875 30
1777130945043 0.78891 31
1777130997805 0.83341 32
1777131052368 0.76847 33
1777131107919 0.83176 34
1777131160368 0.81947 35
1777131213916 0.75781 36
1777131269687 0.81845 37
1777131323502 0.77958 38
1777131378008 0.86799 39
1777131431244 0.80924 40
1777131485044 0.84771 41
1777131539255 0.82751 42
1777131593229 0.82989 43
1777131648075 0.80626 44
1777131701937 0.84076 45
1777131755071 0.84693 46
1777131809140 0.86041 47
1777131864945 0.82678 48
1777131919931 0.88779 49
1777131980623 0.85508 50
1777132034023 0.86501 51
1777132092428 0.82489 52
1777132150930 0.84056 53
1777132208194 0.87239 54
1777132265154 0.8436 55
1777132322996 0.87111 56
1777132379501 0.8403 57
1777132436681 0.85968 58
1777132498159 0.87159 59
1777132554105 0.85444 60
1777132609028 0.88516 61
1777132662163 0.83931 62
1777132717402 0.87758 63
1777132772566 0.88541 64
1777132826911 0.88402 65
1777132882443 0.89957 66
1777132938660 0.90203 67
1777132993482 0.86382 68
1777133049056 0.86851 69
1777133104877 0.89896 70
1777133159605 0.87769 71
1777133215003 0.88048 72
1777133269484 0.89374 73
1777133325035 0.89637 74
1777133380190 0.89087 75
1777133434467 0.85638 76
1777133490113 0.8676 77
1777133545404 0.84809 78
1777133599229 0.88056 79
1777133654627 0.8864 80
1777133709651 0.89226 81
1777133763881 0.87502 82
1777133819672 0.90247 83
1777133873998 0.88765 84
1777133928586 0.89605 85
1777133984534 0.88327 86
1777134040467 0.84311 87
1777134095724 0.89744 88
1777134150743 0.87068 89
1777134206315 0.90094 90
1777134262128 0.89016 91
1777134317507 0.84102 92
1777134371815 0.8866 93
1777134427162 0.88579 94
1777134482625 0.84823 95
1777134538330 0.83029 96
1777134593292 0.86049 97
1777134649201 0.81384 98
1777134704166 0.87123 99
1777134716989 0.8539692657104488 99
