1777129279712 0.11355 0
1777129331640 0.19775 1
1777129384241 0.36103 2
1777129434126 0.39198 3
1777129490866 0.51899 4
1777129545884 0.4392 5
1777129600047 0.54201 6
1777129653571 0.64585 7
1777129708955 0.65476 8
1777129762562 0.61548 9
1777129816874 0.60928 10
1777129870688 0.64152 11
1777129925002 0.65493 12
1777129978359 0.6929 13
1777130032827 0.67322 14
1777130087069 0.69966 15
1777130140900 0.69526 16
1777130195728 0.69923 17
1777130248337 0.74483 18
1777130301131 0.72273 19
1777130355531 0.73692 20
1777130407943 0.70092 21
1777130462126 0.7488 22
1777130514763 0.75656 23
1777130566675 0.76962 24
1777130619757 0.80917 25
1777130674291 0.77481 26
1777130726049 0.7474 27
1777130780384 0.772 28
1777130836481 0.79095 29
1777130890878 0.78711 30
1777130945043 0.76151 31
1777130997805 0.74635 32
1777131052368 0.82122 33
1777131107919 0.73663 34
1777131160368 0.77086 35
1777131213916 0.81269 36
1777131269687 0.76468 37
1777131323502 0.78321 38
1777131378008 0.74065 39
1777131431244 0.75153 40
1777131485044 0.74681 41
1777131539255 0.75801 42
1777131593229 0.78528 43
1777131648075 0.79208 44
1777131701937 0.78634 45
1777131755071 0.7715 46
1777131809140 0.77178 47
1777131864945 0.78549 48
1777131919931 0.76724 49
1777131980623 0.76837 50
1777132034023 0.76672 51
1777132092428 0.79637 52
1777132150930 0.78028 53
1777132208194 0.76518 54
1777132265154 0.7964 55
1777132322996 0.77178 56
1777132379501 0.77317 57
1777132436681 0.75481 58
1777132498159 0.75741 59
1777132554105 0.78 60
1777132609028 0.75485 61
1777132662163 0.78181 62
1777132717402 0.77088 63
1777132772566 0.75655 64
1777132826911 0.76008 65
1777132882443 0.754 66
1777132938660 0.74056 67
1777132993482 0.77751 68
1777133049056 0.77877 69
1777133104877 0.75254 70
1777133159605 0.76872 71
1777133215003 0.75963 72
1777133269484 0.7713 73
1777133325035 0.75303 74
1777133380190 0.75411 75
1777133434467 0.76866 76
1777133490113 0.77925 77
1777133545404 0.77211 78
1777133599229 0.77336 79
1777133654627 0.76999 80
1777133709651 0.77138 81
1777133763881 0.77906 82
1777133819672 0.76494 83
1777133873998 0.7685 84
1777133928586 0.76584 85
1777133984534 0.768 86
1777134040467 0.78838 87
1777134095724 0.75721 88
1777134150743 0.77812 89
1777134206315 0.76192 90
1777134262128 0.75501 91
1777134317507 0.79696 92
1777134371815 0.7587 93
1777134427162 0.76144 94
1777134482625 0.79152 95
1777134538330 0.79905 96
1777134593292 0.78576 97
1777134649201 0.79891 98
1777134704166 0.77292 99
1777134716989 0.7897489582098894 99
