1777129273529 5.616617210682492e-05 0
1777129326152 0.0001113857603363007 1
1777129378420 0.00016548994856577644 2
1777129427860 0.00016398069999999998 3
1777129484825 0.00016230759999999998 4
1777129539976 0.0001606345 5
1777129594095 0.0001589614 6
1777129648069 0.0001572883 7
1777129702877 0.0001556152 8
1777129756724 0.0001539421 9
1777129810808 0.000152269 10
1777129865073 0.00015059589999999999 11
1777129918434 0.00014892279999999998 12
1777129972728 0.00014724969999999998 13
1777130027107 0.00014557659999999998 14
1777130081204 0.0001439035 15
1777130134993 0.0001422304 16
1777130189778 0.0001405573 17
1777130242734 0.0001388842 18
1777130295840 0.0001372111 19
1777130349909 0.000135538 20
1777130402536 0.00013386489999999999 21
1777130456496 0.00013219179999999998 22
1777130508155 0.00013051869999999998 23
1777130561103 0.00012884559999999998 24
1777130614129 0.00012717249999999998 25
1777130668459 0.0001254994 26
1777130720514 0.0001238263 27
1777130774496 0.0001221532 28
1777130830795 0.00012048009999999999 29
1777130885278 0.00011880699999999999 30
1777130939447 0.00011713389999999999 31
1777130992111 0.00011546079999999998 32
1777131046698 0.00011378769999999998 33
1777131102032 0.00011211459999999997 34
1777131154827 0.00011044149999999999 35
1777131208372 0.0001087684 36
1777131263877 0.0001070953 37
1777131318008 0.0001054222 38
1777131372287 0.00010374909999999999 39
1777131425351 0.00010207599999999999 40
1777131479416 0.0001004029 41
1777131533148 9.87298e-05 42
1777131587299 9.70567e-05 43
1777131642530 9.538359999999999e-05 44
1777131696329 9.371049999999999e-05 45
1777131749406 9.203740000000001e-05 46
1777131803417 9.03643e-05 47
1777131858974 8.86912e-05 48
1777131914279 8.701809999999999e-05 49
1777131975147 8.534499999999999e-05 50
1777132027782 8.367189999999999e-05 51
1777132085552 8.199879999999998e-05 52
1777132143493 8.03257e-05 53
1777132200817 7.865259999999999e-05 54
1777132258636 7.697949999999999e-05 55
1777132316221 7.530639999999999e-05 56
1777132373250 7.36333e-05 57
1777132430663 7.196020000000001e-05 58
1777132488858 7.02871e-05 59
1777132548292 6.8614e-05 60
1777132603199 6.69409e-05 61
1777132656464 6.52678e-05 62
1777132711620 6.35947e-05 63
1777132766512 6.19216e-05 64
1777132820992 6.024849999999999e-05 65
1777132876382 5.857539999999999e-05 66
1777132932417 5.6902299999999985e-05 67
1777132987702 5.522919999999999e-05 68
1777133042800 5.355610000000001e-05 69
1777133098929 5.1883000000000005e-05 70
1777133153442 5.02099e-05 71
1777133209079 4.85368e-05 72
1777133263605 4.68637e-05 73
1777133318984 4.51906e-05 74
1777133374291 4.35175e-05 75
1777133428691 4.1844399999999995e-05 76
1777133484304 4.01713e-05 77
1777133538805 3.849819999999999e-05 78
1777133593339 3.6825099999999994e-05 79
1777133648782 3.515199999999999e-05 80
1777133703666 3.347889999999999e-05 81
1777133757802 3.1805800000000006e-05 82
1777133813987 3.0132700000000004e-05 83
1777133867974 2.8459600000000008e-05 84
1777133922576 2.6786500000000002e-05 85
1777133978550 2.51134e-05 86
1777134034331 2.34403e-05 87
1777134089650 2.1767199999999997e-05 88
1777134144727 2.0094099999999995e-05 89
1777134200242 1.8420999999999995e-05 90
1777134256206 1.6747899999999993e-05 91
1777134311171 1.5074799999999992e-05 92
1777134365904 1.3401699999999989e-05 93
1777134421384 1.1728600000000007e-05 94
1777134475954 1.0055500000000007e-05 95
1777134532499 8.382400000000006e-06 96
1777134587024 6.709300000000004e-06 97
1777134643054 5.0362000000000036e-06 98
1777134697586 3.3631000000000013e-06 99
