1777115612589 0.82338 0
1777115659784 0.82122 1
1777115693963 0.82243 2
1777115727478 0.80641 3
1777115760624 0.78413 4
1777115792068 0.77507 5
1777115821983 0.74496 6
1777115854266 0.73781 7
1777115888048 0.72595 8
1777115920041 0.71838 9
1777115951479 0.72839 10
1777115985887 0.70447 11
1777116019294 0.70323 12
1777116056935 0.7095 13
1777116089350 0.70309 14
1777116121158 0.69496 15
1777116152467 0.68007 16
1777116184185 0.69496 17
1777116217030 0.67988 18
1777116250410 0.67586 19
1777116280980 0.66377 20
1777116312383 0.67962 21
1777116344558 0.65467 22
1777116376376 0.6656 23
1777116408543 0.65909 24
1777116445058 0.65528 25
1777116479807 0.65831 26
1777116512295 0.65895 27
1777116545912 0.65846 28
1777116579448 0.66246 29
1777116610034 0.6475 30
1777116639123 0.65142 31
1777116667489 0.64526 32
1777116694122 0.64732 33
1777116721945 0.6421 34
1777116751260 0.63777 35
1777116781284 0.63405 36
1777116812881 0.63301 37
1777116844120 0.62672 38
1777116876157 0.63581 39
1777116912203 0.63917 40
1777116947130 0.63022 41
1777116981100 0.63332 42
1777117011256 0.62018 43
1777117037050 0.61641 44
1777117063204 0.62254 45
1777117089344 0.61614 46
1777117118425 0.6113 47
1777117149869 0.60661 48
1777117179075 0.61461 49
1777117210885 0.60614 50
1777117240617 0.61763 51
1777117272043 0.59984 52
1777117303273 0.61421 53
1777117335648 0.59906 54
1777117366467 0.61228 55
1777117399351 0.60396 56
1777117430369 0.60386 57
1777117463983 0.60804 58
1777117499362 0.60634 59
1777117530927 0.59764 60
1777117564985 0.59897 61
1777117604226 0.58541 62
1777117636941 0.59105 63
1777117674590 0.5918 64
1777117717385 0.58717 65
1777117751500 0.59133 66
1777117783259 0.58792 67
1777117820063 0.59542 68
1777117853068 0.58491 69
1777117886365 0.57778 70
