1777115612589 5.20841 0
1777115659784 4.28846 1
1777115693963 3.68438 2
1777115727478 3.20873 3
1777115760624 2.91073 4
1777115792068 2.6099 5
1777115821983 2.42355 6
1777115854266 2.28991 7
1777115888048 2.15758 8
1777115920041 2.04786 9
1777115951479 1.99601 10
1777115985887 1.90609 11
1777116019294 1.79108 12
1777116056935 1.7558 13
1777116089350 1.662 14
1777116121158 1.60758 15
1777116152467 1.53816 16
1777116184185 1.56417 17
1777116217030 1.45965 18
1777116250410 1.43638 19
1777116280980 1.37292 20
1777116312383 1.37806 21
1777116344558 1.26362 22
1777116376376 1.2537 23
1777116408543 1.26563 24
1777116445058 1.25294 25
1777116479807 1.19698 26
1777116512295 1.165 27
1777116545912 1.15548 28
1777116579448 1.15239 29
1777116610034 1.09603 30
1777116639123 1.09784 31
1777116667489 1.07043 32
1777116694122 1.05659 33
1777116721945 1.03594 34
1777116751260 1.01877 35
1777116781284 0.9905 36
1777116812881 0.98306 37
1777116844120 0.95282 38
1777116876157 0.97907 39
1777116912203 0.94791 40
1777116947130 0.91756 41
1777116981100 0.91465 42
1777117011256 0.90844 43
1777117037050 0.90514 44
1777117063204 0.86222 45
1777117089344 0.8581 46
1777117118425 0.85536 47
1777117149869 0.81874 48
1777117179075 0.82695 49
1777117210885 0.82952 50
1777117240617 0.8272 51
1777117272043 0.81289 52
1777117303273 0.79816 53
1777117335648 0.77723 54
1777117366467 0.80133 55
1777117399351 0.78861 56
1777117430369 0.76911 57
1777117463983 0.78673 58
1777117499362 0.7625 59
1777117530927 0.74025 60
1777117564985 0.75351 61
1777117604226 0.71753 62
1777117636941 0.72423 63
1777117674590 0.71111 64
1777117717385 0.72694 65
1777117751500 0.7195 66
1777117783259 0.69596 67
1777117820063 0.7089 68
1777117853068 0.70342 69
1777117886365 0.68507 70
