1777115623834 0.03558 0
1777115667535 0.07576 1
1777115700934 0.12716 2
1777115734814 0.17929 3
1777115766638 0.22323 4
1777115798263 0.26785 5
1777115828642 0.30047 6
1777115861017 0.30578 7
1777115894888 0.34178 8
1777115926551 0.37329 9
1777115959652 0.39164 10
1777115993612 0.42191 11
1777116026341 0.44541 12
1777116064292 0.45678 13
1777116095892 0.47749 14
1777116128517 0.49531 15
1777116159287 0.50965 16
1777116191534 0.53309 17
1777116225862 0.53448 18
1777116257277 0.56539 19
1777116287255 0.56417 20
1777116318590 0.56876 21
1777116350940 0.5866 22
1777116382786 0.59094 23
1777116415187 0.57287 24
1777116453471 0.58626 25
1777116486698 0.60656 26
1777116519183 0.60109 27
1777116552960 0.61505 28
1777116585747 0.61606 29
1777116616528 0.63154 30
1777116645949 0.63337 31
1777116673170 0.63211 32
1777116699707 0.63122 33
1777116728428 0.64224 34
1777116757476 0.64334 35
1777116787440 0.64886 36
1777116819531 0.64145 37
1777116850641 0.65068 38
1777116883265 0.64849 39
1777116918619 0.65772 40
1777116953829 0.66319 41
1777116987988 0.65735 42
1777117016816 0.66288 43
1777117042778 0.67274 44
1777117069047 0.66974 45
1777117095167 0.67698 46
1777117124820 0.67774 47
1777117156138 0.67176 48
1777117185065 0.67078 49
1777117216989 0.67104 50
1777117246764 0.69052 51
1777117279157 0.67449 52
1777117310545 0.68704 53
1777117342438 0.68414 54
1777117373165 0.68098 55
1777117406657 0.68945 56
1777117436300 0.69629 57
1777117471733 0.68477 58
1777117506846 0.6848 59
1777117538290 0.70769 60
1777117572410 0.69611 61
1777117610716 0.67702 62
1777117646527 0.6885 63
1777117684714 0.68099 64
1777117724540 0.70358 65
1777117758165 0.69353 66
1777117789933 0.69496 67
1777117826651 0.69879 68
1777117859589 0.69026 69
1777117892799 0.69243 70
1777117903867 0.7075773870122622 70
