1777115623834 0.04045 0
1777115667535 0.08641 1
1777115700934 0.14636 2
1777115734814 0.20885 3
1777115766638 0.25817 4
1777115798263 0.30807 5
1777115828642 0.34914 6
1777115861017 0.35217 7
1777115894888 0.3973 8
1777115926551 0.43004 9
1777115959652 0.45251 10
1777115993612 0.48852 11
1777116026341 0.51601 12
1777116064292 0.52708 13
1777116095892 0.55101 14
1777116128517 0.57246 15
1777116159287 0.58762 16
1777116191534 0.61453 17
1777116225862 0.61629 18
1777116257277 0.64979 19
1777116287255 0.64981 20
1777116318590 0.65776 21
1777116350940 0.67525 22
1777116382786 0.67847 23
1777116415187 0.66213 24
1777116453471 0.67399 25
1777116486698 0.69776 26
1777116519183 0.6857 27
1777116552960 0.70481 28
1777116585747 0.70515 29
1777116616528 0.72448 30
1777116645949 0.73051 31
1777116673170 0.72458 32
1777116699707 0.72482 33
1777116728428 0.73677 34
1777116757476 0.74401 35
1777116787440 0.74595 36
1777116819531 0.73597 37
1777116850641 0.74873 38
1777116883265 0.74485 39
1777116918619 0.75635 40
1777116953829 0.76193 41
1777116987988 0.75363 42
1777117016816 0.75872 43
1777117042778 0.7717 44
1777117069047 0.76907 45
1777117095167 0.77977 46
1777117124820 0.77759 47
1777117156138 0.77113 48
1777117185065 0.76961 49
1777117216989 0.76568 50
1777117246764 0.78503 51
1777117279157 0.77132 52
1777117310545 0.78509 53
1777117342438 0.78372 54
1777117373165 0.78173 55
1777117406657 0.79056 56
1777117436300 0.79741 57
1777117471733 0.783 58
1777117506846 0.78504 59
1777117538290 0.81322 60
1777117572410 0.80024 61
1777117610716 0.78034 62
1777117646527 0.79138 63
1777117684714 0.77933 64
1777117724540 0.80605 65
1777117758165 0.79444 66
1777117789933 0.79705 67
1777117826651 0.80213 68
1777117859589 0.79329 69
1777117892799 0.79345 70
1777117903867 0.8132124733019757 70
