1777115623834 0.43473 0
1777115667535 0.11192 1
1777115700934 0.16917 2
1777115734814 0.2632 3
1777115766638 0.28187 4
1777115798263 0.26144 5
1777115828642 0.35341 6
1777115861017 0.37249 7
1777115894888 0.46185 8
1777115926551 0.39211 9
1777115959652 0.41493 10
1777115993612 0.46088 11
1777116026341 0.52462 12
1777116064292 0.47936 13
1777116095892 0.53449 14
1777116128517 0.61787 15
1777116159287 0.55352 16
1777116191534 0.59928 17
1777116225862 0.61586 18
1777116257277 0.59859 19
1777116287255 0.59333 20
1777116318590 0.61598 21
1777116350940 0.62603 22
1777116382786 0.61731 23
1777116415187 0.59435 24
1777116453471 0.65057 25
1777116486698 0.6476 26
1777116519183 0.64429 27
1777116552960 0.70071 28
1777116585747 0.68624 29
1777116616528 0.66146 30
1777116645949 0.65922 31
1777116673170 0.70778 32
1777116699707 0.66019 33
1777116728428 0.67059 34
1777116757476 0.69723 35
1777116787440 0.7261 36
1777116819531 0.67476 37
1777116850641 0.71046 38
1777116883265 0.68134 39
1777116918619 0.68576 40
1777116953829 0.70178 41
1777116987988 0.69634 42
1777117016816 0.72448 43
1777117042778 0.69595 44
1777117069047 0.69182 45
1777117095167 0.74923 46
1777117124820 0.71075 47
1777117156138 0.74514 48
1777117185065 0.71167 49
1777117216989 0.69853 50
1777117246764 0.71289 51
1777117279157 0.71411 52
1777117310545 0.70687 53
1777117342438 0.70934 54
1777117373165 0.71737 55
1777117406657 0.73403 56
1777117436300 0.76537 57
1777117471733 0.73415 58
1777117506846 0.72794 59
1777117538290 0.73027 60
1777117572410 0.74544 61
1777117610716 0.72676 62
1777117646527 0.72653 63
1777117684714 0.74178 64
1777117724540 0.74825 65
1777117758165 0.73903 66
1777117789933 0.75125 67
1777117826651 0.75468 68
1777117859589 0.74312 69
1777117892799 0.75112 70
1777117903867 0.732879970260086 70
