1777112342894 0.82338 0
1777112374806 0.82122 1
1777112405626 0.82243 2
1777112435061 0.80641 3
1777112465095 0.78413 4
1777112494330 0.77507 5
1777112524311 0.74496 6
1777112555773 0.73781 7
1777112594641 0.72595 8
1777112628777 0.71838 9
1777112664950 0.72839 10
1777112699237 0.70447 11
1777112741730 0.70323 12
1777112788478 0.7095 13
1777112835959 0.70309 14
1777112867600 0.69496 15
1777112899511 0.68007 16
1777112932202 0.69496 17
1777112968143 0.67988 18
1777113003657 0.67586 19
1777113037181 0.66377 20
1777113071621 0.67962 21
1777113106833 0.65467 22
1777113140814 0.6656 23
1777113175655 0.65909 24
1777113209354 0.65528 25
1777113242442 0.65831 26
1777113279153 0.65895 27
1777113313372 0.65846 28
1777113346720 0.66246 29
1777113378565 0.6475 30
1777113410358 0.65142 31
1777113443456 0.64526 32
1777113478952 0.64732 33
1777113513689 0.6421 34
1777113550480 0.63777 35
1777113582186 0.63405 36
1777113619499 0.63301 37
1777113654592 0.62672 38
1777113690071 0.63581 39
1777113724431 0.63917 40
1777113756340 0.63022 41
1777113789788 0.63332 42
1777113822790 0.62018 43
1777113857404 0.61641 44
1777113892362 0.62254 45
1777113927904 0.61614 46
1777113961959 0.6113 47
1777113993370 0.60661 48
1777114027969 0.61461 49
1777114061646 0.60614 50
1777114094983 0.61763 51
1777114129074 0.59984 52
1777114165279 0.61421 53
1777114197254 0.59906 54
1777114229148 0.61228 55
1777114260736 0.60396 56
1777114292561 0.60386 57
1777114323579 0.60804 58
1777114356096 0.60634 59
1777114387467 0.59764 60
1777114421836 0.59897 61
1777114453573 0.58541 62
1777114490569 0.59105 63
1777114526258 0.5918 64
1777114561522 0.58717 65
1777114593518 0.59133 66
1777114626793 0.58792 67
1777114660193 0.59542 68
1777114694528 0.58491 69
1777114731443 0.57778 70
