1777112342894 0.95176 0
1777112374806 0.9617 1
1777112405626 0.96307 2
1777112435061 0.95774 3
1777112465095 0.95912 4
1777112494330 0.95708 5
1777112524311 0.94716 6
1777112555773 0.94387 7
1777112594641 0.93391 8
1777112628777 0.93425 9
1777112664950 0.93957 10
1777112699237 0.92681 11
1777112741730 0.92856 12
1777112788478 0.93004 13
1777112835959 0.93569 14
1777112867600 0.92935 15
1777112899511 0.92214 16
1777112932202 0.92418 17
1777112968143 0.92035 18
1777113003657 0.91442 19
1777113037181 0.91187 20
1777113071621 0.92553 21
1777113106833 0.91261 22
1777113140814 0.91742 23
1777113175655 0.91584 24
1777113209354 0.91386 25
1777113242442 0.91662 26
1777113279153 0.91843 27
1777113313372 0.90989 28
1777113346720 0.91989 29
1777113378565 0.90466 30
1777113410358 0.91031 31
1777113443456 0.91012 32
1777113478952 0.90969 33
1777113513689 0.91055 34
1777113550480 0.90739 35
1777113582186 0.90538 36
1777113619499 0.90093 37
1777113654592 0.90038 38
1777113690071 0.90165 39
1777113724431 0.90245 40
1777113756340 0.90272 41
1777113789788 0.90194 42
1777113822790 0.89748 43
1777113857404 0.89887 44
1777113892362 0.89811 45
1777113927904 0.89901 46
1777113961959 0.89425 47
1777113993370 0.88483 48
1777114027969 0.89797 49
1777114061646 0.89091 50
1777114094983 0.89922 51
1777114129074 0.88599 52
1777114165279 0.89985 53
1777114197254 0.89519 54
1777114229148 0.89559 55
1777114260736 0.88711 56
1777114292561 0.89048 57
1777114323579 0.89428 58
1777114356096 0.89387 59
1777114387467 0.88908 60
1777114421836 0.88949 61
1777114453573 0.88192 62
1777114490569 0.88318 63
1777114526258 0.88668 64
1777114561522 0.89015 65
1777114593518 0.89197 66
1777114626793 0.88855 67
1777114660193 0.89025 68
1777114694528 0.88741 69
1777114731443 0.88349 70
