1777112350230 0.03558 0
1777112381441 0.07576 1
1777112412509 0.12716 2
1777112441523 0.17929 3
1777112471519 0.22323 4
1777112500779 0.26785 5
1777112530868 0.30047 6
1777112565697 0.30578 7
1777112601461 0.34178 8
1777112636280 0.37329 9
1777112671857 0.39164 10
1777112706180 0.42191 11
1777112750943 0.44541 12
1777112798778 0.45678 13
1777112842179 0.47749 14
1777112873987 0.49531 15
1777112906275 0.50965 16
1777112939182 0.53309 17
1777112974712 0.53448 18
1777113010178 0.56539 19
1777113044159 0.56417 20
1777113079165 0.56876 21
1777113113396 0.5866 22
1777113147584 0.59094 23
1777113183219 0.57287 24
1777113216071 0.58626 25
1777113249501 0.60656 26
1777113285698 0.60109 27
1777113320355 0.61505 28
1777113354084 0.61606 29
1777113386356 0.63154 30
1777113417850 0.63337 31
1777113450624 0.63211 32
1777113485987 0.63122 33
1777113523330 0.64224 34
1777113557279 0.64334 35
1777113589748 0.64886 36
1777113625955 0.64145 37
1777113661061 0.65068 38
1777113697583 0.64849 39
1777113730895 0.65772 40
1777113763539 0.66319 41
1777113797261 0.65735 42
1777113830130 0.66288 43
1777113863969 0.67274 44
1777113899452 0.66974 45
1777113934468 0.67698 46
1777113968960 0.67774 47
1777114000254 0.67176 48
1777114034263 0.67078 49
1777114068713 0.67104 50
1777114102004 0.69052 51
1777114135911 0.67449 52
1777114171756 0.68704 53
1777114204151 0.68414 54
1777114235482 0.68098 55
1777114267457 0.68945 56
1777114299294 0.69629 57
1777114330636 0.68477 58
1777114362778 0.6848 59
1777114394440 0.70769 60
1777114428527 0.69611 61
1777114460172 0.67702 62
1777114498988 0.6885 63
1777114533241 0.68099 64
1777114569766 0.70358 65
1777114600240 0.69353 66
1777114634748 0.69496 67
1777114667291 0.69879 68
1777114701756 0.69026 69
1777114738839 0.69243 70
1777114751639 0.7075773870122622 70
