1777112350230 0.04045 0
1777112381441 0.08641 1
1777112412509 0.14636 2
1777112441523 0.20885 3
1777112471519 0.25817 4
1777112500779 0.30807 5
1777112530868 0.34914 6
1777112565697 0.35217 7
1777112601461 0.3973 8
1777112636280 0.43004 9
1777112671857 0.45251 10
1777112706180 0.48852 11
1777112750943 0.51601 12
1777112798778 0.52708 13
1777112842179 0.55101 14
1777112873987 0.57246 15
1777112906275 0.58762 16
1777112939182 0.61453 17
1777112974712 0.61629 18
1777113010178 0.64979 19
1777113044159 0.64981 20
1777113079165 0.65776 21
1777113113396 0.67525 22
1777113147584 0.67847 23
1777113183219 0.66213 24
1777113216071 0.67399 25
1777113249501 0.69776 26
1777113285698 0.6857 27
1777113320355 0.70481 28
1777113354084 0.70515 29
1777113386356 0.72448 30
1777113417850 0.73051 31
1777113450624 0.72458 32
1777113485987 0.72482 33
1777113523330 0.73677 34
1777113557279 0.74401 35
1777113589748 0.74595 36
1777113625955 0.73597 37
1777113661061 0.74873 38
1777113697583 0.74485 39
1777113730895 0.75635 40
1777113763539 0.76193 41
1777113797261 0.75363 42
1777113830130 0.75872 43
1777113863969 0.7717 44
1777113899452 0.76907 45
1777113934468 0.77977 46
1777113968960 0.77759 47
1777114000254 0.77113 48
1777114034263 0.76961 49
1777114068713 0.76568 50
1777114102004 0.78503 51
1777114135911 0.77132 52
1777114171756 0.78509 53
1777114204151 0.78372 54
1777114235482 0.78173 55
1777114267457 0.79056 56
1777114299294 0.79741 57
1777114330636 0.783 58
1777114362778 0.78504 59
1777114394440 0.81322 60
1777114428527 0.80024 61
1777114460172 0.78034 62
1777114498988 0.79138 63
1777114533241 0.77933 64
1777114569766 0.80605 65
1777114600240 0.79444 66
1777114634748 0.79705 67
1777114667291 0.80213 68
1777114701756 0.79329 69
1777114738839 0.79345 70
1777114751639 0.8132124733019757 70
