1777112350230 0.01181 0
1777112381441 0.46852 1
1777112412509 0.44986 2
1777112441523 0.46434 3
1777112471519 0.49269 4
1777112500779 0.67811 5
1777112530868 0.51391 6
1777112565697 0.5366 7
1777112601461 0.43142 8
1777112636280 0.57499 9
1777112671857 0.52728 10
1777112706180 0.53426 11
1777112750943 0.5222 12
1777112798778 0.62648 13
1777112842179 0.58358 14
1777112873987 0.53689 15
1777112906275 0.60825 16
1777112939182 0.57958 17
1777112974712 0.6016 18
1777113010178 0.70189 19
1777113044159 0.67735 20
1777113079165 0.71056 21
1777113113396 0.73354 22
1777113147584 0.75165 23
1777113183219 0.7266 24
1777113216071 0.67194 25
1777113249501 0.72327 26
1777113285698 0.691 27
1777113320355 0.70361 28
1777113354084 0.73383 29
1777113386356 0.77076 30
1777113417850 0.78201 31
1777113450624 0.72959 32
1777113485987 0.77701 33
1777113523330 0.78066 34
1777113557279 0.73691 35
1777113589748 0.72945 36
1777113625955 0.76146 37
1777113661061 0.77422 38
1777113697583 0.76025 39
1777113730895 0.80227 40
1777113763539 0.81206 41
1777113797261 0.76306 42
1777113830130 0.79423 43
1777113863969 0.81895 44
1777113899452 0.83095 45
1777113934468 0.79368 46
1777113968960 0.82717 47
1777114000254 0.74773 48
1777114034263 0.78998 49
1777114068713 0.77462 50
1777114102004 0.80707 51
1777114135911 0.80636 52
1777114171756 0.79978 53
1777114204151 0.8572 54
1777114235482 0.80757 55
1777114267457 0.79864 56
1777114299294 0.76911 57
1777114330636 0.84696 58
1777114362778 0.83046 59
1777114394440 0.85106 60
1777114428527 0.81833 61
1777114460172 0.80169 62
1777114498988 0.805 63
1777114533241 0.75798 64
1777114569766 0.77606 65
1777114600240 0.80763 66
1777114634748 0.80989 67
1777114667291 0.80724 68
1777114701756 0.80009 69
1777114738839 0.79953 70
1777114751639 0.8447966938147874 70
