1777112350230 0.43473 0
1777112381441 0.11192 1
1777112412509 0.16917 2
1777112441523 0.2632 3
1777112471519 0.28187 4
1777112500779 0.26144 5
1777112530868 0.35341 6
1777112565697 0.37249 7
1777112601461 0.46185 8
1777112636280 0.39211 9
1777112671857 0.41493 10
1777112706180 0.46088 11
1777112750943 0.52462 12
1777112798778 0.47936 13
1777112842179 0.53449 14
1777112873987 0.61787 15
1777112906275 0.55352 16
1777112939182 0.59928 17
1777112974712 0.61586 18
1777113010178 0.59859 19
1777113044159 0.59333 20
1777113079165 0.61598 21
1777113113396 0.62603 22
1777113147584 0.61731 23
1777113183219 0.59435 24
1777113216071 0.65057 25
1777113249501 0.6476 26
1777113285698 0.64429 27
1777113320355 0.70071 28
1777113354084 0.68624 29
1777113386356 0.66146 30
1777113417850 0.65922 31
1777113450624 0.70778 32
1777113485987 0.66019 33
1777113523330 0.67059 34
1777113557279 0.69723 35
1777113589748 0.7261 36
1777113625955 0.67476 37
1777113661061 0.71046 38
1777113697583 0.68134 39
1777113730895 0.68576 40
1777113763539 0.70178 41
1777113797261 0.69634 42
1777113830130 0.72448 43
1777113863969 0.69595 44
1777113899452 0.69182 45
1777113934468 0.74923 46
1777113968960 0.71075 47
1777114000254 0.74514 48
1777114034263 0.71167 49
1777114068713 0.69853 50
1777114102004 0.71289 51
1777114135911 0.71411 52
1777114171756 0.70687 53
1777114204151 0.70934 54
1777114235482 0.71737 55
1777114267457 0.73403 56
1777114299294 0.76537 57
1777114330636 0.73415 58
1777114362778 0.72794 59
1777114394440 0.73027 60
1777114428527 0.74544 61
1777114460172 0.72676 62
1777114498988 0.72653 63
1777114533241 0.74178 64
1777114569766 0.74825 65
1777114600240 0.73903 66
1777114634748 0.75125 67
1777114667291 0.75468 68
1777114701756 0.74312 69
1777114738839 0.75112 70
1777114751639 0.732879970260086 70
