1777103903941 0.73442 0
1777103986902 0.79437 1
1777104053235 0.81095 2
1777104112546 0.83364 3
1777104174969 0.86364 4
1777104246115 0.84429 5
1777104311633 0.86382 6
1777104370278 0.85671 7
1777104433984 0.86259 8
1777104497285 0.86064 9
1777104556732 0.86122 10
1777104619130 0.86465 11
1777104684663 0.82551 12
1777104740113 0.86409 13
1777104799981 0.87199 14
1777104860182 0.88788 15
1777104919232 0.89678 16
1777104974872 0.87126 17
1777105033738 0.88616 18
1777105096889 0.89563 19
1777105158712 0.88942 20
1777105217029 0.88875 21
1777105283312 0.89342 22
1777105347596 0.87893 23
1777105405870 0.87576 24
1777105468941 0.88953 25
1777105532804 0.89719 26
1777105593063 0.90986 27
1777105652735 0.91731 28
1777105713853 0.90407 29
1777105771867 0.89595 30
1777105831270 0.89754 31
1777105887029 0.91875 32
1777105943896 0.90606 33
1777106003830 0.90441 34
1777106064768 0.91564 35
1777106123309 0.90106 36
1777106182966 0.89783 37
1777106244773 0.91444 38
1777106302310 0.90818 39
1777106359087 0.91559 40
1777106417208 0.90684 41
1777106472453 0.91244 42
1777106528889 0.90298 43
1777106588510 0.89007 44
1777106644549 0.90391 45
1777106695557 0.9235 46
1777106746483 0.90892 47
1777106798402 0.9088 48
1777106852957 0.92049 49
1777106920461 0.91378 50
1777106969427 0.90866 51
1777107023571 0.91313 52
1777107077649 0.90818 53
1777107132569 0.92717 54
1777107188854 0.92198 55
1777107245124 0.9202 56
1777107302920 0.91955 57
1777107365359 0.91006 58
1777107430160 0.91279 59
1777107495273 0.9267 60
1777107566985 0.9111 61
1777107631908 0.9374 62
1777107686780 0.92696 63
1777107738071 0.91743 64
1777107790704 0.90976 65
1777107841387 0.91645 66
1777107900480 0.90897 67
1777107958567 0.90918 68
1777108016607 0.91556 69
1777108075665 0.91033 70
1777108133655 0.91043 71
1777108193577 0.89966 72
1777108254294 0.91784 73
1777108316164 0.93339 74
1777108375082 0.92522 75
1777108425435 0.90678 76
1777108477148 0.91952 77
1777108531778 0.92327 78
1777108590587 0.91721 79
1777108652147 0.92316 80
1777108712435 0.91312 81
1777108776606 0.91976 82
1777108829205 0.93347 83
1777108879811 0.92169 84
1777108939331 0.92139 85
1777109002045 0.92088 86
1777109064052 0.91252 87
1777109127375 0.93557 88
1777109188357 0.92437 89
1777109252118 0.9306 90
1777109318804 0.92756 91
1777109383704 0.92118 92
1777109445895 0.92926 93
1777109498708 0.92989 94
1777109553765 0.92163 95
1777109615858 0.92151 96
1777109672329 0.92302 97
1777109728003 0.91812 98
1777109782725 0.92167 99
1777109798964 0.9302429154398618 99
