1777120056076 1.03929 0
1777120127928 1.04556 1
1777120221892 0.98525 2
1777120328861 0.93558 3
1777120400142 0.88482 4
1777120469740 0.88085 5
1777120541664 0.84021 6
1777120609483 0.83077 7
1777120659327 0.80924 8
1777120709784 0.79775 9
1777120765855 0.79214 10
1777120823332 0.78459 11
1777120880745 0.76243 12
1777120941200 0.76296 13
1777120999865 0.75128 14
1777121058947 0.7452 15
1777121116210 0.72934 16
1777121173239 0.73362 17
1777121231154 0.71756 18
1777121288800 0.72024 19
1777121346172 0.71211 20
1777121404262 0.70234 21
1777121467469 0.6983 22
1777121527265 0.69848 23
1777121585374 0.69611 24
1777121643542 0.69002 25
1777121701656 0.69044 26
1777121760909 0.68045 27
1777121818974 0.67764 28
1777121877649 0.6707 29
1777121935022 0.66934 30
1777121993946 0.66531 31
1777122051811 0.65924 32
1777122110551 0.65857 33
1777122168549 0.6515 34
1777122226061 0.65701 35
1777122285038 0.65158 36
1777122342690 0.64662 37
1777122401208 0.64147 38
1777122460359 0.63769 39
1777122518466 0.63671 40
1777122575688 0.64309 41
1777122634849 0.62824 42
1777122693705 0.63384 43
1777122752976 0.6225 44
1777122810515 0.62341 45
1777122869361 0.61779 46
1777122928431 0.60835 47
1777122987918 0.60296 48
1777123046012 0.61521 49
