1777129273529 1.03942 0
1777129326152 1.02069 1
1777129378420 0.98613 2
1777129427860 0.93335 3
1777129484825 0.89098 4
1777129539976 0.87175 5
1777129594095 0.8466 6
1777129648069 0.82396 7
1777129702877 0.81831 8
1777129756724 0.80825 9
1777129810808 0.78697 10
1777129865073 0.7838 11
1777129918434 0.77612 12
1777129972728 0.75751 13
1777130027107 0.75072 14
1777130081204 0.75824 15
1777130134993 0.74141 16
1777130189778 0.74367 17
1777130242734 0.72536 18
1777130295840 0.7245 19
1777130349909 0.71573 20
1777130402536 0.70803 21
1777130456496 0.71074 22
1777130508155 0.70433 23
1777130561103 0.7007 24
1777130614129 0.69296 25
1777130668459 0.68838 26
1777130720514 0.68122 27
1777130774496 0.68259 28
1777130830795 0.68656 29
1777130885278 0.67672 30
1777130939447 0.67283 31
1777130992111 0.66033 32
1777131046698 0.65709 33
1777131102032 0.66833 34
1777131154827 0.65775 35
1777131208372 0.64763 36
1777131263877 0.64745 37
1777131318008 0.6541 38
1777131372287 0.64664 39
1777131425351 0.64452 40
1777131479416 0.64403 41
1777131533148 0.63083 42
1777131587299 0.63743 43
1777131642530 0.62524 44
1777131696329 0.623 45
1777131749406 0.62206 46
1777131803417 0.61498 47
1777131858974 0.61602 48
1777131914279 0.60817 49
1777131975147 0.57356 50
1777132027782 0.55399 51
1777132085552 0.55482 52
1777132143493 0.55174 53
1777132200817 0.54428 54
1777132258636 0.53873 55
1777132316221 0.53259 56
1777132373250 0.5332 57
1777132430663 0.52861 58
1777132488858 0.52134 59
1777132548292 0.513 60
1777132603199 0.51532 61
1777132656464 0.51672 62
1777132711620 0.5082 63
1777132766512 0.50739 64
1777132820992 0.50685 65
1777132876382 0.50286 66
1777132932417 0.49884 67
1777132987702 0.49761 68
1777133042800 0.49339 69
1777133098929 0.49307 70
1777133153442 0.48324 71
1777133209079 0.48496 72
1777133263605 0.47997 73
1777133318984 0.47704 74
1777133374291 0.4769 75
1777133428691 0.46901 76
1777133484304 0.46889 77
1777133538805 0.47202 78
1777133593339 0.46398 79
1777133648782 0.46478 80
1777133703666 0.46524 81
1777133757802 0.4611 82
1777133813987 0.45137 83
1777133867974 0.4534 84
1777133922576 0.45092 85
1777133978550 0.44989 86
1777134034331 0.44938 87
1777134089650 0.45028 88
1777134144727 0.44001 89
1777134200242 0.44356 90
1777134256206 0.43656 91
1777134311171 0.43925 92
1777134365904 0.43799 93
1777134421384 0.43257 94
1777134475954 0.43373 95
1777134532499 0.43234 96
1777134587024 0.42897 97
1777134643054 0.42559 98
1777134697586 0.42585 99
