1777129273529 1.03689 0
1777129326152 1.03862 1
1777129378420 1.03571 2
1777129427860 1.02213 3
1777129484825 1.00172 4
1777129539976 0.99281 5
1777129594095 0.98199 6
1777129648069 0.97458 7
1777129702877 0.97307 8
1777129756724 0.97127 9
1777129810808 0.96298 10
1777129865073 0.96636 11
1777129918434 0.95819 12
1777129972728 0.95134 13
1777130027107 0.95088 14
1777130081204 0.94834 15
1777130134993 0.94504 16
1777130189778 0.94638 17
1777130242734 0.93862 18
1777130295840 0.94183 19
1777130349909 0.94049 20
1777130402536 0.93308 21
1777130456496 0.93405 22
1777130508155 0.93066 23
1777130561103 0.92636 24
1777130614129 0.9271 25
1777130668459 0.92604 26
1777130720514 0.92631 27
1777130774496 0.9182 28
1777130830795 0.92458 29
1777130885278 0.9195 30
1777130939447 0.91621 31
1777130992111 0.915 32
1777131046698 0.91086 33
1777131102032 0.913 34
1777131154827 0.90981 35
1777131208372 0.90809 36
1777131263877 0.90891 37
1777131318008 0.91144 38
1777131372287 0.90855 39
1777131425351 0.91105 40
1777131479416 0.90398 41
1777131533148 0.90379 42
1777131587299 0.90889 43
1777131642530 0.89977 44
1777131696329 0.90102 45
1777131749406 0.89585 46
1777131803417 0.89686 47
1777131858974 0.89754 48
1777131914279 0.89367 49
1777131975147 0.88069 50
1777132027782 0.87128 51
1777132085552 0.87435 52
1777132143493 0.87032 53
1777132200817 0.86692 54
1777132258636 0.86636 55
1777132316221 0.86535 56
1777132373250 0.86661 57
1777132430663 0.86389 58
1777132488858 0.86215 59
1777132548292 0.85767 60
1777132603199 0.85669 61
1777132656464 0.85935 62
1777132711620 0.85812 63
1777132766512 0.85515 64
1777132820992 0.85693 65
1777132876382 0.85554 66
1777132932417 0.85509 67
1777132987702 0.85514 68
1777133042800 0.85173 69
1777133098929 0.85109 70
1777133153442 0.84499 71
1777133209079 0.84921 72
1777133263605 0.84756 73
1777133318984 0.84543 74
1777133374291 0.84361 75
1777133428691 0.84404 76
1777133484304 0.8421 77
1777133538805 0.8436 78
1777133593339 0.841 79
1777133648782 0.84172 80
1777133703666 0.84341 81
1777133757802 0.8393 82
1777133813987 0.83852 83
1777133867974 0.83849 84
1777133922576 0.83885 85
1777133978550 0.83571 86
1777134034331 0.837 87
1777134089650 0.84122 88
1777134144727 0.83417 89
1777134200242 0.83301 90
1777134256206 0.83377 91
1777134311171 0.83471 92
1777134365904 0.8342 93
1777134421384 0.83467 94
1777134475954 0.83783 95
1777134532499 0.8317 96
1777134587024 0.82848 97
1777134643054 0.82768 98
1777134697586 0.83066 99
