1777008144922 5.627573278800273e-05 0
1777008277721 0.00011149423636673483 1
1777008413440 0.00016559733994546692 2
1777008547880 0.00016398069999999998 3
1777008678955 0.00016230759999999998 4
1777008810737 0.0001606345 5
1777008953379 0.0001589614 6
1777009111131 0.0001572883 7
1777009262619 0.0001556152 8
1777009404759 0.0001539421 9
1777009554523 0.000152269 10
1777009703479 0.00015059589999999999 11
1777009832504 0.00014892279999999998 12
1777009977457 0.00014724969999999998 13
1777010109767 0.00014557659999999998 14
1777010243374 0.0001439035 15
1777010376128 0.0001422304 16
1777010509382 0.0001405573 17
1777010646000 0.0001388842 18
1777010787784 0.0001372111 19
1777010930638 0.000135538 20
1777011072066 0.00013386489999999999 21
1777011200031 0.00013219179999999998 22
1777011333954 0.00013051869999999998 23
1777011474058 0.00012884559999999998 24
1777011609779 0.00012717249999999998 25
1777011744431 0.0001254994 26
1777011879118 0.0001238263 27
1777012014458 0.0001221532 28
1777012148864 0.00012048009999999999 29
1777012283849 0.00011880699999999999 30
1777012418249 0.00011713389999999999 31
1777012551591 0.00011546079999999998 32
1777012686647 0.00011378769999999998 33
1777012820528 0.00011211459999999997 34
1777012958023 0.00011044149999999999 35
1777013093620 0.0001087684 36
1777013229056 0.0001070953 37
1777013363417 0.0001054222 38
1777013498573 0.00010374909999999999 39
1777013632442 0.00010207599999999999 40
1777013766925 0.0001004029 41
1777013901943 9.87298e-05 42
1777014036694 9.70567e-05 43
1777014171928 9.538359999999999e-05 44
1777014306451 9.371049999999999e-05 45
1777014442102 9.203740000000001e-05 46
1777014575695 9.03643e-05 47
1777014711220 8.86912e-05 48
1777014863755 8.701809999999999e-05 49
1777015024377 8.534499999999999e-05 50
1777015164719 8.367189999999999e-05 51
1777015307230 8.199879999999998e-05 52
1777015443648 8.03257e-05 53
1777015578686 7.865259999999999e-05 54
1777015739509 7.697949999999999e-05 55
1777015886882 7.530639999999999e-05 56
1777016024473 7.36333e-05 57
1777016169003 7.196020000000001e-05 58
1777016306082 7.02871e-05 59
1777016440915 6.8614e-05 60
1777016577843 6.69409e-05 61
1777016713072 6.52678e-05 62
1777016850138 6.35947e-05 63
1777016985191 6.19216e-05 64
1777017122113 6.024849999999999e-05 65
1777017256525 5.857539999999999e-05 66
1777017393577 5.6902299999999985e-05 67
1777017531258 5.522919999999999e-05 68
1777017668099 5.355610000000001e-05 69
1777017813395 5.1883000000000005e-05 70
1777017956532 5.02099e-05 71
1777018104220 4.85368e-05 72
1777018247707 4.68637e-05 73
1777018394171 4.51906e-05 74
1777018538242 4.35175e-05 75
1777018683272 4.1844399999999995e-05 76
1777018828732 4.01713e-05 77
1777018976294 3.849819999999999e-05 78
1777019121829 3.6825099999999994e-05 79
1777019268834 3.515199999999999e-05 80
1777019414011 3.347889999999999e-05 81
1777019562075 3.1805800000000006e-05 82
1777019712307 3.0132700000000004e-05 83
1777019860767 2.8459600000000008e-05 84
1777020009806 2.6786500000000002e-05 85
1777020171508 2.51134e-05 86
1777020304461 2.34403e-05 87
1777020448695 2.1767199999999997e-05 88
1777020604719 2.0094099999999995e-05 89
1777020779537 1.8420999999999995e-05 90
1777020926106 1.6747899999999993e-05 91
1777021060298 1.5074799999999992e-05 92
1777021208891 1.3401699999999989e-05 93
1777021346575 1.1728600000000007e-05 94
1777021490935 1.0055500000000007e-05 95
1777021643229 8.382400000000006e-06 96
1777021801914 6.709300000000004e-06 97
1777021943571 5.0362000000000036e-06 98
1777022085719 3.3631000000000013e-06 99
