1777103896307 1.05902 0
1777103980263 1.02335 1
1777104046571 0.98802 2
1777104106893 0.97886 3
1777104169094 0.94042 4
1777104240093 0.93629 5
1777104304798 0.89813 6
1777104364307 0.89212 7
1777104427686 0.86588 8
1777104490959 0.86466 9
1777104550206 0.84697 10
1777104612784 0.83617 11
1777104678499 0.82603 12
1777104734408 0.83248 13
1777104793681 0.81063 14
1777104853938 0.80842 15
1777104913555 0.79903 16
1777104969133 0.79017 17
1777105027716 0.77855 18
1777105090382 0.78207 19
1777105152027 0.77386 20
1777105211285 0.76947 21
1777105276724 0.76142 22
1777105341283 0.75827 23
1777105400218 0.75344 24
1777105462369 0.75055 25
1777105526509 0.74829 26
1777105587476 0.73884 27
1777105647200 0.73787 28
1777105707821 0.72759 29
1777105765994 0.72351 30
1777105824801 0.71661 31
1777105881155 0.71048 32
1777105938211 0.71372 33
1777105997428 0.70262 34
1777106058707 0.7091 35
1777106117327 0.70753 36
1777106177007 0.69855 37
1777106239210 0.69506 38
1777106295423 0.68911 39
1777106353582 0.69487 40
1777106411200 0.693 41
1777106466802 0.67906 42
1777106523284 0.67806 43
1777106582887 0.66847 44
1777106638027 0.67024 45
1777106690283 0.66329 46
1777106740967 0.65498 47
1777106792763 0.65005 48
1777106847385 0.66163 49
1777106915141 0.617 50
1777106964350 0.60789 51
1777107018378 0.60002 52
1777107071674 0.6022 53
1777107127088 0.59339 54
1777107183194 0.58995 55
1777107238867 0.58954 56
1777107296982 0.57903 57
1777107359591 0.57606 58
1777107423167 0.56852 59
1777107488688 0.56604 60
1777107559453 0.56008 61
1777107625962 0.56162 62
1777107681075 0.55947 63
1777107732989 0.54893 64
1777107785142 0.54898 65
1777107835117 0.54709 66
1777107893983 0.54062 67
1777107952716 0.54021 68
1777108010391 0.5341 69
1777108069752 0.52649 70
1777108127930 0.52411 71
1777108187087 0.52123 72
1777108247182 0.5187 73
1777108309901 0.51727 74
1777108369312 0.5149 75
1777108419777 0.51198 76
1777108471483 0.50578 77
1777108526035 0.50362 78
1777108583364 0.49627 79
1777108645609 0.49529 80
1777108706126 0.49519 81
1777108770505 0.48856 82
1777108823705 0.48926 83
1777108874235 0.48097 84
1777108932492 0.48084 85
1777108994836 0.47979 86
1777109057944 0.47802 87
1777109120823 0.47357 88
1777109181863 0.46826 89
1777109244696 0.46281 90
1777109312053 0.46026 91
1777109377865 0.4603 92
1777109439120 0.45712 93
1777109493142 0.45684 94
1777109548193 0.45105 95
1777109610151 0.44364 96
1777109666697 0.44313 97
1777109721490 0.43993 98
1777109776362 0.44106 99
