1777103896307 2.21889 0
1777103980263 1.30988 1
1777104046571 1.05614 2
1777104106893 0.92678 3
1777104169094 0.85414 4
1777104240093 0.81059 5
1777104304798 0.75443 6
1777104364307 0.72281 7
1777104427686 0.70556 8
1777104490959 0.6759 9
1777104550206 0.65948 10
1777104612784 0.64309 11
1777104678499 0.63194 12
1777104734408 0.62502 13
1777104793681 0.6135 14
1777104853938 0.58944 15
1777104913555 0.59471 16
1777104969133 0.5826 17
1777105027716 0.56613 18
1777105090382 0.56756 19
1777105152027 0.55731 20
1777105211285 0.54705 21
1777105276724 0.5394 22
1777105341283 0.5409 23
1777105400218 0.53449 24
1777105462369 0.52211 25
1777105526509 0.52783 26
1777105587476 0.51422 27
1777105647200 0.52504 28
1777105707821 0.50443 29
1777105765994 0.49184 30
1777105824801 0.50221 31
1777105881155 0.48749 32
1777105938211 0.48398 33
1777105997428 0.47957 34
1777106058707 0.48244 35
1777106117327 0.47801 36
1777106177007 0.47133 37
1777106239210 0.47006 38
1777106295423 0.46308 39
1777106353582 0.46311 40
1777106411200 0.46023 41
1777106466802 0.4471 42
1777106523284 0.44766 43
1777106582887 0.4423 44
1777106638027 0.43575 45
1777106690283 0.42723 46
1777106740967 0.42441 47
1777106792763 0.42645 48
1777106847385 0.42566 49
1777106915141 0.3815 50
1777106964350 0.36957 51
1777107018378 0.36008 52
1777107071674 0.36123 53
1777107127088 0.35756 54
1777107183194 0.35473 55
1777107238867 0.35547 56
1777107296982 0.35032 57
1777107359591 0.33864 58
1777107423167 0.33646 59
1777107488688 0.33631 60
1777107559453 0.32837 61
1777107625962 0.33379 62
1777107681075 0.33775 63
1777107732989 0.32555 64
1777107785142 0.325 65
1777107835117 0.3202 66
1777107893983 0.31596 67
1777107952716 0.31036 68
1777108010391 0.31353 69
1777108069752 0.3019 70
1777108127930 0.30382 71
1777108187087 0.29782 72
1777108247182 0.30075 73
1777108309901 0.29757 74
1777108369312 0.29583 75
1777108419777 0.29114 76
1777108471483 0.28942 77
1777108526035 0.28911 78
1777108583364 0.28364 79
1777108645609 0.27854 80
1777108706126 0.2847 81
1777108770505 0.27668 82
1777108823705 0.27699 83
1777108874235 0.27413 84
1777108932492 0.2739 85
1777108994836 0.27121 86
1777109057944 0.26766 87
1777109120823 0.26736 88
1777109181863 0.26595 89
1777109244696 0.26091 90
1777109312053 0.26001 91
1777109377865 0.25736 92
1777109439120 0.25663 93
1777109493142 0.25437 94
1777109548193 0.25612 95
1777109610151 0.24838 96
1777109666697 0.24806 97
1777109721490 0.24764 98
1777109776362 0.24912 99
