1777008144922 0.79417 0
1777008277721 0.77663 1
1777008413440 0.78169 2
1777008547880 0.78489 3
1777008678955 0.77919 4
1777008810737 0.78422 5
1777008953379 0.7525 6
1777009111131 0.73952 7
1777009262619 0.74072 8
1777009404759 0.72287 9
1777009554523 0.72628 10
1777009703479 0.72771 11
1777009832504 0.71207 12
1777009977457 0.72254 13
1777010109767 0.71261 14
1777010243374 0.70247 15
1777010376128 0.69341 16
1777010509382 0.69787 17
1777010646000 0.68837 18
1777010787784 0.6762 19
1777010930638 0.66819 20
1777011072066 0.6627 21
1777011200031 0.67291 22
1777011333954 0.69746 23
1777011474058 0.66642 24
1777011609779 0.64809 25
1777011744431 0.64515 26
1777011879118 0.66629 27
1777012014458 0.64733 28
1777012148864 0.65482 29
1777012283849 0.64327 30
1777012418249 0.64018 31
1777012551591 0.65184 32
1777012686647 0.64157 33
1777012820528 0.64193 34
1777012958023 0.63653 35
1777013093620 0.61013 36
1777013229056 0.62837 37
1777013363417 0.60321 38
1777013498573 0.60189 39
1777013632442 0.61621 40
1777013766925 0.6128 41
1777013901943 0.60553 42
1777014036694 0.61409 43
1777014171928 0.61353 44
1777014306451 0.59416 45
1777014442102 0.60909 46
1777014575695 0.59824 47
1777014711220 0.59986 48
1777014863755 0.60417 49
1777015024377 0.559 50
1777015164719 0.55661 51
1777015307230 0.56229 52
1777015443648 0.5499 53
1777015578686 0.55172 54
1777015739509 0.53672 55
1777015886882 0.54503 56
1777016024473 0.53989 57
1777016169003 0.53724 58
1777016306082 0.53822 59
1777016440915 0.54183 60
1777016577843 0.52253 61
1777016713072 0.52572 62
1777016850138 0.52245 63
1777016985191 0.51918 64
1777017122113 0.51576 65
1777017256525 0.51845 66
1777017393577 0.51952 67
1777017531258 0.51664 68
1777017668099 0.51359 69
1777017813395 0.51122 70
1777017956532 0.49651 71
1777018104220 0.49628 72
1777018247707 0.49435 73
1777018394171 0.49395 74
1777018538242 0.48937 75
1777018683272 0.48322 76
1777018828732 0.49171 77
1777018976294 0.47923 78
1777019121829 0.48607 79
1777019268834 0.47976 80
1777019414011 0.47908 81
1777019562075 0.47653 82
1777019712307 0.47433 83
1777019860767 0.46671 84
1777020009806 0.465 85
1777020171508 0.46812 86
1777020304461 0.46357 87
1777020448695 0.45243 88
1777020604719 0.45765 89
1777020779537 0.44915 90
1777020926106 0.45147 91
1777021060298 0.4489 92
1777021208891 0.44823 93
1777021346575 0.45602 94
1777021490935 0.44164 95
1777021643229 0.44483 96
1777021801914 0.43774 97
1777021943571 0.44146 98
1777022085719 0.43851 99
