1777008144922 4.17669 0
1777008277721 2.44794 1
1777008413440 1.87494 2
1777008547880 1.78019 3
1777008678955 1.5092 4
1777008810737 1.38575 5
1777008953379 1.24447 6
1777009111131 1.20951 7
1777009262619 1.08599 8
1777009404759 1.0283 9
1777009554523 0.98687 10
1777009703479 1.03613 11
1777009832504 1.00069 12
1777009977457 0.99398 13
1777010109767 0.89934 14
1777010243374 0.90605 15
1777010376128 0.87839 16
1777010509382 0.86076 17
1777010646000 0.79643 18
1777010787784 0.80484 19
1777010930638 0.78834 20
1777011072066 0.7659 21
1777011200031 0.78574 22
1777011333954 0.77933 23
1777011474058 0.74438 24
1777011609779 0.70996 25
1777011744431 0.72754 26
1777011879118 0.72257 27
1777012014458 0.69226 28
1777012148864 0.72966 29
1777012283849 0.6759 30
1777012418249 0.6969 31
1777012551591 0.67379 32
1777012686647 0.63877 33
1777012820528 0.66879 34
1777012958023 0.66823 35
1777013093620 0.61656 36
1777013229056 0.62319 37
1777013363417 0.59532 38
1777013498573 0.59118 39
1777013632442 0.60406 40
1777013766925 0.62728 41
1777013901943 0.57977 42
1777014036694 0.59228 43
1777014171928 0.58978 44
1777014306451 0.55852 45
1777014442102 0.58341 46
1777014575695 0.6008 47
1777014711220 0.57727 48
1777014863755 0.57593 49
1777015024377 0.43359 50
1777015164719 0.42754 51
1777015307230 0.42005 52
1777015443648 0.40314 53
1777015578686 0.41579 54
1777015739509 0.39144 55
1777015886882 0.39359 56
1777016024473 0.3973 57
1777016169003 0.39137 58
1777016306082 0.38448 59
1777016440915 0.39836 60
1777016577843 0.37638 61
1777016713072 0.36888 62
1777016850138 0.37283 63
1777016985191 0.36 64
1777017122113 0.36249 65
1777017256525 0.36766 66
1777017393577 0.34454 67
1777017531258 0.34609 68
1777017668099 0.34984 69
1777017813395 0.33863 70
1777017956532 0.32305 71
1777018104220 0.32727 72
1777018247707 0.32921 73
1777018394171 0.3273 74
1777018538242 0.32445 75
1777018683272 0.30995 76
1777018828732 0.31904 77
1777018976294 0.31346 78
1777019121829 0.32242 79
1777019268834 0.30704 80
1777019414011 0.30222 81
1777019562075 0.31952 82
1777019712307 0.30051 83
1777019860767 0.29693 84
1777020009806 0.29419 85
1777020171508 0.2876 86
1777020304461 0.29604 87
1777020448695 0.27967 88
1777020604719 0.28691 89
1777020779537 0.27561 90
1777020926106 0.27867 91
1777021060298 0.26793 92
1777021208891 0.2757 93
1777021346575 0.27523 94
1777021490935 0.26737 95
1777021643229 0.27708 96
1777021801914 0.2724 97
1777021943571 0.26776 98
1777022085719 0.2716 99
