1777008144922 1.00124 0
1777008277721 0.99712 1
1777008413440 1.00716 2
1777008547880 1.00994 3
1777008678955 1.01769 4
1777008810737 1.00704 5
1777008953379 1.00024 6
1777009111131 0.9961 7
1777009262619 0.99784 8
1777009404759 0.98979 9
1777009554523 0.98825 10
1777009703479 0.99851 11
1777009832504 0.99869 12
1777009977457 1.00282 13
1777010109767 0.99456 14
1777010243374 0.99317 15
1777010376128 0.97451 16
1777010509382 0.98728 17
1777010646000 0.9713 18
1777010787784 0.96081 19
1777010930638 0.95891 20
1777011072066 0.96417 21
1777011200031 0.96684 22
1777011333954 0.97735 23
1777011474058 0.96805 24
1777011609779 0.95434 25
1777011744431 0.94887 26
1777011879118 0.96805 27
1777012014458 0.95293 28
1777012148864 0.96036 29
1777012283849 0.95096 30
1777012418249 0.95853 31
1777012551591 0.95461 32
1777012686647 0.95117 33
1777012820528 0.93848 34
1777012958023 0.94519 35
1777013093620 0.92748 36
1777013229056 0.95168 37
1777013363417 0.92698 38
1777013498573 0.92607 39
1777013632442 0.93479 40
1777013766925 0.9358 41
1777013901943 0.92991 42
1777014036694 0.93306 43
1777014171928 0.93289 44
1777014306451 0.9324 45
1777014442102 0.94566 46
1777014575695 0.94234 47
1777014711220 0.92619 48
1777014863755 0.93689 49
1777015024377 0.91162 50
1777015164719 0.91261 51
1777015307230 0.90666 52
1777015443648 0.90687 53
1777015578686 0.91006 54
1777015739509 0.90286 55
1777015886882 0.90276 56
1777016024473 0.90127 57
1777016169003 0.8975 58
1777016306082 0.89638 59
1777016440915 0.89643 60
1777016577843 0.88944 61
1777016713072 0.88921 62
1777016850138 0.88585 63
1777016985191 0.89193 64
1777017122113 0.88993 65
1777017256525 0.88107 66
1777017393577 0.89018 67
1777017531258 0.88587 68
1777017668099 0.8839 69
1777017813395 0.8863 70
1777017956532 0.88249 71
1777018104220 0.87592 72
1777018247707 0.87779 73
1777018394171 0.87978 74
1777018538242 0.87611 75
1777018683272 0.87224 76
1777018828732 0.87902 77
1777018976294 0.8783 78
1777019121829 0.87407 79
1777019268834 0.87028 80
1777019414011 0.87682 81
1777019562075 0.86954 82
1777019712307 0.86895 83
1777019860767 0.86549 84
1777020009806 0.86442 85
1777020171508 0.86361 86
1777020304461 0.86235 87
1777020448695 0.86121 88
1777020604719 0.86216 89
1777020779537 0.85649 90
1777020926106 0.85323 91
1777021060298 0.85659 92
1777021208891 0.85868 93
1777021346575 0.85931 94
1777021490935 0.85839 95
1777021643229 0.85817 96
1777021801914 0.85691 97
1777021943571 0.85699 98
1777022085719 0.85741 99
